GIS/MAP/uga_pfpr2to10.asc
ncols         121
nrows         127
xllcorner     118236.49319105
yllcorner     -163800.7987251
cellsize      5000
NODATA_value  -9999
[rows 84 to 111 of 127, columns 0 to 62 of 121]
-9999 -9999 -9999 -9999 -9999 -9999 -9999 -9999 0 0 0 0.09505758 0.1109779 0.1211072 0.1430841 0.1462011 0.1562851 0.188231 0.1590174 0.1531821 0.1908368 0.1886538 0.2021613 0.1833091 0.1973291 0.2238821 0.2368407 0.265184 0.272711 0.2896374 0.2384202 0.2229359 0.2449248 0.2473803 0.2231719 0.2757845 0.2392282 0.2314363 0.2127018 0.2307139 0.2438084 0.236835 0.2026659 0.1867928 0.1956407 0.1960649 0.16618 0.1513943 0.1634712 0.1541556 0.1327888 0.1242699 0.1243048 0.1168567 0.1217547 0.127834 0.126157 0.120288 0.1341963 0.1251855 0.1231479 0.1308465 0.1003566
-9999 -9999 -9999 -9999 -9999 -9999 -9999 0 0 0 0.08442737 0.09491454 0.1160634 0.1074991 0.13888 0.1513604 0.1601094 0.2420484 0.1301709 0.141793 0.1616259 0.163304 0.1932964 0.2195063 0.2087024 0.2228009 0.2409663 0.2612518 0.2785215 0.2335854 0.2480171 0.2779998 0.2801592 0.271791 0.2819836 0.2705252 0.215084 0.2541251 0.2417073 0.2464997 0.2658214 0.2413583 0.2095912 0.2202395 0.199899 0.1864045 0.1800563 0.1819812 0.1781166 0.151519 0.123668 0.09820177 0.1072734 0.1095325 0.09863395 0.09261044 0.1191374 0.1139004 0.1214077 0.1342651 0.1069485 0.1180654 0.09981992
-9999 -9999 -9999 -9999 -9999 -9999 -9999 0 0 0 0.1003928 0.1201451 0.1124725 0.09763678 0.1275032 0.1437924 0.1869779 0.240075 0.1235965 0.1723073 0.1919244 0.1709086 0.187182 0.2212624 0.2341607 0.2259236 0.2508097 0.2771124 0.2824594 0.2728857 0.2815115 0.3087308 0.3303166 0.3093095 0.2595702 0.23533 0.2425008 0.2503821 0.2333247 0.2705023 0.2537926 0.2387252 0.2360252 0.2173213 0.2057749 0.1787576 0.1890209 0.1956789 0.1760201 0.1346624 0.1170081 0.1400021 0.1475532 0.1335077 0.1089442 0.1251757 0.1282228 0.1237743 0.1258086 0.1181864 0.1025935 0.1056597 0.1053932
-9999 -9999 -9999 -9999 -9999 -9999 -9999 0 0 0 0.0953291 0.1197116 0.09596722 0.1198536 0.1336633 0.14249 0.1904798 0.2733613 0.1331984 0.1516205 0.1897946 0.1869623 0.18762 0.2232733 0.2605983 0.2451749 0.2575501 0.2585166 0.2547669 0.2733389 0.2717265 0.3192657 0.3326542 0.3227018 0.2611284 0.2658294 0.2547896 0.2630493 0.2447618 0.2512024 0.2274447 0.2270905 0.2121484 0.2117631 0.2251577 0.1905175 0.2083805 0.1961043 0.1770422 0.1149219 0.146239 0.1465798 0.1143701 0.1094476 0.1276726 0.1235855 0.129265 0.1264034 0.1279735 0.1220537 0.1136387 0.1237536 0.0886658
-9999 -9999 -9999 -9999 -9999 -9999 0 0 0 0 0.08311203 0.09045566 0.09662047 0.1271408 0.1188525 0.1509528 0.1853394 0.225158 0.1374849 0.1508568 0.1806232 0.1933669 0.1957276 0.2134918 0.1946381 0.2263596 0.2221747 0.2471856 0.2353222 0.2714188 0.3084036 0.2968704 0.3048991 0.2952791 0.2935393 0.2737851 0.2448987 0.2602168 0.2576167 0.2514811 0.2393857 0.2448169 0.2441274 0.2428663 0.2325794 0.2028472 0.2029659 0.1881946 0.1828859 0.1429463 0.1240732 0.1179462 0.1221983 0.1265458 0.1130218 0.1029239 0.1361291 0.1217175 0.1177703 0.1024584 0.09407514 0.09421752 0.09140131
-9999 -9999 -9999 -9999 -9999 -9999 0 0 0 0.06502054 0.09294742 0.08466786 0.1052455 0.1346033 0.112931 0.1536555 0.1482096 0.1313844 0.1430072 0.1635447 0.1164278 0.1568891 0.1900756 0.178952 0.1888184 0.2632396 0.2611168 0.2384384 0.2527743 0.2564611 0.263798 0.2871217 0.2728248 0.2758853 0.2701016 0.2404808 0.2550512 0.2689384 0.2627784 0.2623652 0.2591477 0.2529564 0.2586282 0.2479236 0.2240845 0.2104334 0.1972461 0.1857292 0.1701672 0.1420388 0.1508058 0.1389785 0.1385514 0.1329332 0.123764 0.1173092 0.1243798 0.1156915 0.09481923 0.1082383 0.1095772 0.08127415 0.09170727
-9999 -9999 -9999 -9999 -9999 -9999 0 0 0 0.05584206 0.08594814 0.09168972 0.105916 0.139148 0.1522308 0.1956801 0.1452259 0.1359386 0.1664007 0.1477844 0.1293418 0.1593909 0.1734465 0.1919872 0.1872352 0.2019329 0.2080626 0.2311158 0.2397 0.2301862 0.2473146 0.2559251 0.2132952 0.235253 0.2191524 0.2412327 0.2555537 0.2652646 0.2598891 0.2599305 0.2500581 0.2461517 0.2365636 0.2375764 0.2268777 0.2208336 0.2080512 0.1867982 0.1637576 0.1519779 0.1443991 0.1289904 0.1273324 0.1379748 0.1249213 0.1135795 0.09981184 0.09233277 0.09785859 0.1040432 0.1098517 0.1069556 0.1099444
-9999 -9999 -9999 -9999 0.08187134 0 0.08508097 0.07761019 0.1063477 0.1060516 0.1167949 0.09866266 0.1482276 0.1458234 0.1462663 0.1728784 0.1449951 0.1679932 0.1622645 0.1425734 0.1475303 0.1580898 0.1886728 0.1936347 0.2065586 0.2320904 0.2210442 0.2288514 0.2235508 0.2342272 0.2365043 0.2520878 0.2558222 0.2431466 0.2414776 0.2444471 0.2616855 0.2585099 0.2974467 0.2668478 0.2402232 0.2471347 0.2547718 0.2297041 0.217563 0.1973153 0.2120364 0.2005658 0.1889541 0.1794397 0.1638694 0.1513022 0.131696 0.1336327 0.1162845 0.09293834 0.1099187 0.1166012 0.1234389 0.1345664 0.1521893 0.1471671 0.09377842
-9999 -9999 -9999 0.09752185 0.1027891 0.08075506 0.08902767 0.1128171 0.09863286 0.09266715 0.09411488 0.08592312 0.1049592 0.1330427 0.1562109 0.1309241 0.1318323 0.1489589 0.1425808 0.1490464 0.1450942 0.1817906 0.1733009 0.2208363 0.2214851 0.2251141 0.2155985 0.2001653 0.2109855 0.2083885 0.24793 0.2866209 0.2695643 0.2503838 0.2578875 0.2345329 0.218563 0.239879 0.253057 0.2433393 0.2380758 0.2642655 0.2603245 0.2190202 0.2024687 0.2015102 0.2123571 0.1774618 0.1534443 0.1710409 0.1694392 0.1596515 0.1421574 0.126454 0.122192 0.1210127 0.1117101 0.1238323 0.1371714 0.119867 0.1020541 0.1088118 0.1293329
-9999 -9999 -9999 0.09200644 0.1042965 0.08694804 0.09715348 0.1040691 0.1162917 0.09405835 0.09223408 0.1008727 0.103454 -9999 -9999 0.1821594 0.1137683 0.1588556 0.161727 0.1857979 0.1826806 0.1730144 0.172413 0.2078264 0.2182713 0.1982372 0.2075016 0.2100722 0.221062 0.2035 0.2526357 0.2556857 0.2800515 0.2408253 0.2351946 0.2581096 0.2167088 0.2161804 0.2256274 0.2446287 0.2360891 0.2528622 0.2200579 0.2118644 0.2148908 0.187425 0.1773514 0.1751687 0.1914702 0.1371999 0.1565482 0.1362032 0.1262862 0.1277976 0.1168271 0.1221994 0.140209 0.1344846 0.1178747 0.1073059 0.1121079 0.1229751 0.1329953
-9999 -9999 -9999 -9999 0.0912359 0.0900555 0.1055816 0.1188818 0.1275306 0.09946885 0.1096091 0.1227202 0.07461824 0.1225991 -9999 0.1387689 0.1228982 0.1579261 0.1678596 0.1808457 0.1871279 0.1953755 0.1892952 0.2034 0.2041659 0.1902116 0.1807954 0.1933908 0.22561 0.2730337 0.2659606 0.2516915 0.2407678 0.2430778 0.2489029 0.2550879 0.2470055 0.2162504 0.2158375 0.2098081 0.2051449 0.212449 0.2231805 0.2193244 0.2029029 0.1979974 0.1873813 0.1546004 0.1721647 0.1246485 0.1187348 0.1313345 0.1289825 0.1109982 0.1006498 0.1054412 0.09736633 0.114456 0.1209325 0.1249232 0.1126052 0.1259261 0.1496232
-9999 -9999 -9999 0.07923003 0.07353378 0.09050209 0.1053432 0.1187224 0.1132498 0.09648104 0.1223162 0.1235732 0.09452084 0.1071121 0.1436952 0.1278487 0.1589683 0.1767996 0.1585891 0.1721812 0.1711243 0.1784516 0.178066 0.1826412 0.1836737 0.181162 0.1759322 0.2155533 0.2474013 0.2709085 0.264337 0.2552939 0.2511537 0.2572273 0.2549553 0.2412836 0.2852538 0.2467396 0.2286407 0.2107929 0.1969922 0.211265 0.2095917 0.2003174 0.192909 0.1751413 0.1820083 0.1502489 0.1538815 0.151953 0.1415419 0.1201616 0.1233285 0.139656 0.1161939 0.1184296 0.1344891 0.1130834 0.1141463 0.1351444 0.2527073 -9999 -9999
-9999 -9999 -9999 0.2168361 0.1004419 0.09328413 0.1136655 0.0974576 0.1131824 0.1074323 0.09466745 0.1055189 0.1107777 0.110236 0.1272398 0.1476646 0.1426926 0.1452669 0.1443067 0.154939 0.1317853 0.1513043 0.1580045 0.1570186 0.1838387 0.1982317 0.1847107 0.1894623 0.2104059 0.2576332 0.2487462 0.2149108 0.2449766 0.2465261 0.2519445 0.2182478 0.2799367 0.2582797 0.2457813 0.198996 0.1731988 0.1953824 0.1877795 0.1889437 0.1976979 0.1892598 0.1808389 0.1774122 0.1754722 0.1475215 0.1557517 0.1168364 0.1421415 0.1246872 0.1264197 0.1283823 -9999 -9999 0.1238077 -9999 -9999 -9999 -9999
-9999 -9999 -9999 -9999 0.11807 0.1006551 0.08629449 0.07557021 0.1046892 0.1082384 0.1164404 0.1298392 0.1354188 0.1594852 0.1663165 0.162697 0.1491955 0.1369812 0.1171367 0.1363614 0.1134316 0.1417754 0.1477194 0.1574678 0.184274 0.2206891 0.2190307 0.1624901 0.159481 0.2312926 0.217457 0.2089837 0.2403112 0.257694 0.2372715 0.2225919 0.2668976 0.2399884 0.2196486 0.2054513 0.217618 0.2037823 0.1912594 0.2001123 0.1880372 0.1853758 0.1691238 0.164991 0.1859664 0.1412858 0.1190254 0.105414 0.1412694 -9999 -9999 -9999 -9999 -9999 -9999 0.1947511 0.1071433 -9999 -9999
-9999 -9999 -9999 -9999 -9999 0.1661509 0.1464511 0.09141063 0.1098402 0.117925 0.1439489 0.1305783 0.1182865 0.1601035 0.1400708 0.1373145 0.1959014 0.1243619 0.09355863 0.1324472 0.1416597 0.1208742 0.1356829 0.1717319 0.1847862 0.17198 0.1806498 0.1693245 0.1684432 0.1929788 0.195812 0.2124897 0.2514023 0.2569318 0.2336212 0.2158046 0.2404251 0.2099614 0.1822911 0.1917825 0.2191268 0.2125105 0.2080103 0.203963 0.1936885 0.1916473 0.1640135 0.1648769 0.1743286 0.1589407 0.1553846 0.10932 0.1503517 0.1340233 -9999 -9999 -9999 -9999 -9999 0.1927544 0.1096668 0.1283122 -9999
-9999 -9999 -9999 -9999 -9999 -9999 0.2105714 0.09649368 0.1242973 0.128713 0.1446865 0.106152 0.1281821 0.1323455 0.1304692 0.2139449 0.2047558 0.0872419 0.08111306 0.130216 0.103438 0.07117534 0.124182 0.1663374 0.1599249 0.1471013 0.1731009 0.1643332 0.1742437 0.1850185 0.1855848 0.198634 0.2021315 0.2309089 0.2181858 0.2391916 0.2043362 0.2120688 0.2196661 0.2161581 0.2125426 0.1997633 0.2025747 0.2118491 0.1893644 0.1845183 0.1624619 0.1738622 0.1626852 0.1552358 0.1443767 0.1329907 0.1299946 0.1326324 0.244791 0.1681681 0.1391405 0.1336148 0.1339583 -9999 0.1915852 0.1570647 0.1818586
-9999 -9999 -9999 -9999 -9999 -9999 0.1224835 0.1064492 0.1388983 0.1379878 0.1261877 0.1243028 0.1179081 0.1653193 0.199121 0.1927315 0.1098829 0.1106737 0.07281801 0.08546902 0.0565218 0.07094434 0.1201572 0.1442885 0.1497496 0.1487684 0.1630388 0.1848439 0.1688326 0.1805425 0.1851312 0.2039735 0.1938751 0.2188405 0.2317716 0.1974999 0.1943985 0.2187368 0.2313735 0.2453899 0.2453016 0.2344797 0.2105445 0.2129761 0.1966303 0.204442 0.1591127 0.151488 0.1543105 0.151262 0.1477842 0.1311148 0.1122893 0.1255323 0.1091389 0.1566727 0.1287773 0.1214177 0.1358431 0.1906491 0.1039136 -9999 0.1679331
-9999 -9999 -9999 -9999 -9999 -9999 0.1401969 0.1208728 0.1445807 0.1927611 0.1295193 0.1062286 0.1358663 0.2199961 0.2056391 0.1419722 0.1331126 0.1152054 0.06724486 0.0536623 0.06803119 0.1085262 0.1067 0.1396913 0.1586581 0.1769096 0.1764506 0.1712688 0.1832117 0.1948456 0.2014706 0.2151695 0.2172963 0.2013589 0.196794 0.164345 0.2099045 0.2338477 0.2545064 0.2877637 0.2811919 0.2674624 0.2288293 0.2248499 0.1874839 0.1907982 0.1605277 0.1723891 0.124483 0.1488162 0.1607884 0.1643643 0.1449312 0.1159418 0.1286606 0.152735 0.1632819 0.1167077 0.126042 0.1222438 0.1155512 0.121605 0.1595491
-9999 -9999 -9999 -9999 0.23195 0.1666969 0.1233396 0.1548957 0.2173312 0.2358668 0.1695732 0.1003103 0.10584 0.1635761 0.2026841 0.1253635 0.1375037 0.1152535 0.09011497 0.06604432 0.08183111 0.09761707 0.1119519 0.1572482 0.1615199 0.1706311 0.1778075 0.1925517 0.1935913 0.1898272 0.2066619 0.1945322 0.2107276 0.2036619 0.188367 0.1754773 0.2032651 0.191298 0.1966689 0.2502773 0.2600613 0.2602123 0.2329125 0.208559 0.1708035 0.1850363 0.1737387 0.1583252 0.1266005 0.1497823 0.1340504 0.1448744 0.1199961 0.1240886 -9999 -9999 -9999 -9999 0.1524415 0.1425158 0.1143421 0.1308221 0.1425357
-9999 -9999 -9999 0.1367629 0.107548 0.1503505 0.1342871 0.1982169 0.2240523 0.1743452 0.1872742 0.09951842 0.1246927 0.1377445 0.1353652 0.129903 0.1347298 0.1277128 0.1145461 0.1252611 0.1129469 0.132304 0.1303904 0.1318711 0.1547275 0.1646496 0.158112 0.1615698 0.1713503 0.1686921 0.1837408 0.1777939 0.1891158 0.2066441 0.2136843 0.2192232 0.1692623 0.1938837 0.2238951 0.2166831 0.2292473 0.2443115 0.2238404 0.2093678 0.2046521 0.1947997 0.1871463 0.1741816 0.1709832 0.1663848 0.1538537 0.1215215 0.1538501 0.2382848 -9999 -9999 -9999 0.1131554 0.1070344 0.09805717 0.09480079 0.1133739 0.1572465
-9999 -9999 0.09563331 0.121029 0.1500924 0.1533698 0.1536684 0.2293572 0.1809067 0.1366226 0.116331 0.0929427 0.1161983 0.1042048 0.1152186 0.1239878 0.1493055 0.1487958 0.1450605 0.1439491 0.1252126 0.1335229 0.1129934 0.1141978 0.1391635 0.1347732 0.1415762 0.148428 0.1542365 0.1598937 0.189191 0.1708044 0.1859463 0.2012296 0.2231834 0.2144737 0.1616028 0.2083208 0.2215726 0.2056791 0.2198478 0.2336483 0.2125146 0.1974048 0.2026124 0.1994433 0.1860562 0.176576 0.1719653 0.1639446 0.1346745 0.1666655 -9999 -9999 -9999 -9999 -9999 0.1475847 0.1091503 0.1338345 0.1127527 0.108606 0.1146748
-9999 -9999 0.1230606 0.1220437 0.1711995 0.16209 0.1684946 0.2265072 0.1349087 0.1538841 0.1059998 0.1057659 0.1031302 0.1122511 0.1215399 0.1396608 0.1399223 0.1276394 0.1365722 0.1189031 0.1172472 0.1218715 0.1256609 0.1232718 0.1185158 0.1136035 0.1315844 0.1406273 0.1511862 0.1453206 0.1812405 0.1766585 0.1958603 0.2086981 0.2140542 0.1814274 0.1928989 0.2120385 0.2339351 0.2291373 0.2327871 0.218869 0.2297605 0.2341851 0.2091137 0.1836857 0.1779584 0.1842788 0.1949583 0.152372 0.1753577 -9999 -9999 -9999 -9999 -9999 -9999 0.1277487 0.1358247 0.2726474 0.1164621 0.1177426 -9999
-9999 -9999 0.1335728 0.1158804 0.1753306 0.1491397 0.173869 0.2005572 0.1350307 0.1423944 0.129293 0.1106327 0.1003791 0.125079 0.1250969 0.128765 0.1291065 0.1045489 0.1146299 0.1086245 0.1216503 0.121044 0.1374685 0.1145808 0.1044666 0.1016253 0.1193067 0.1376681 0.1459423 0.1557603 0.1765537 0.212312 0.2040824 0.196072 0.1808515 0.1604927 0.2077378 0.2303567 0.2422473 0.2340924 0.2483705 0.2431703 0.2701718 0.2635249 0.226922 0.2094847 0.2020348 0.1819941 0.1904837 0.1511589 0.2910759 -9999 -9999 -9999 -9999 -9999 -9999 0.1783718 0.1820897 0.1494366 0.1225201 -9999 -9999
-9999 -9999 0.1443623 0.1457996 0.1611939 0.1283358 0.1264409 0.1276509 0.142453 0.1420609 0.1202196 0.1189015 0.11824 0.1221138 0.1163649 0.1112396 0.1116215 0.1198501 0.1219425 0.1294996 0.1329169 0.1308029 0.1267565 0.07267753 0.07405155 0.127638 0.1187939 0.1431411 0.1572743 0.1679448 0.1805678 0.2141734 0.2165773 0.1953673 0.1694164 0.1444328 0.2219468 0.2186978 0.2353945 0.2280827 0.2271558 0.2348392 0.2701851 0.2425213 0.2339129 0.2292575 0.2103007 0.1971474 0.1964878 0.3419249 -9999 -9999 -9999 -9999 -9999 -9999 -9999 -9999 0.1468535 0.1243045 0.09883639 0.09232819 0.1799584
-9999 -9999 0.1527186 0.1389419 0.137726 0.1345666 0.146395 0.1529017 0.1327768 0.1341951 0.1237624 0.1357606 0.1125548 0.1128514 0.1246467 0.1153389 0.1358943 0.1278416 0.1195632 0.1236781 0.1262117 0.1387866 0.1274985 0.1221012 0.1065792 0.1247466 0.1255959 0.1222573 0.1572298 0.1542846 0.15674 0.195083 0.2108725 0.1826235 0.1538709 0.1969249 0.1722588 0.2132234 0.2073638 0.2315959 0.2171655 0.2273757 0.2275835 0.2212373 0.2084097 0.1913516 0.1994495 0.2014787 0.1793899 0.1759193 -9999 -9999 -9999 -9999 -9999 -9999 -9999 -9999 -9999 -9999 0.1875773 0.1131342 0.183008
-9999 0.1316705 0.134685 0.1327892 0.1398752 0.1277376 0.14938 0.1436678 0.1403211 0.1333942 0.1321528 0.1336707 0.1090173 0.120463 0.1208045 0.1181936 0.121011 0.1165688 0.1154223 0.1135548 0.1042213 0.1090906 0.1060993 0.1235334 0.1043545 0.1116401 0.1341831 0.1513772 0.1619116 0.166049 0.1921162 0.2025609 0.1968175 0.1907648 0.1571119 0.1949934 0.1971723 0.2089254 0.2096239 0.2214226 0.203801 0.2202785 0.2223831 0.2241975 0.2394041 0.2425304 0.2255582 0.2243519 0.1801434 0.3497645 -9999 -9999 -9999 -9999 -9999 -9999 -9999 -9999 0.1439475 -9999 -9999 0.1396988 -9999
-9999 0.1306655 0.1354219 0.1357004 0.1268721 0.1233051 0.1462353 0.1378283 0.1249107 0.1236022 0.1346024 0.130768 0.1090465 0.1031348 0.0848875 0.08570883 0.08833015 0.09724523 0.1168584 0.1139847 0.09470189 0.08748099 0.06991263 0.1014705 0.1013589 0.1371115 0.135081 0.1485355 0.1318 0.1390477 0.1465676 0.1621989 0.1727099 0.1705211 0.1857 0.1736521 0.1925326 0.1722492 0.2054032 0.1878716 0.2082807 0.206521 0.2044818 0.2139488 0.2291973 0.2530056 0.2345481 0.2222715 0.1643706 -9999 -9999 -9999 -9999 -9999 -9999 -9999 -9999 -9999 -9999 -9999 0.1098588 0.1263556 -9999
-9999 0.1344885 0.1277385 0.1257493 0.1222449 0.1133027 0.1327972 0.1313188 0.1048231 0.1117688 0.1059648 0.117499 0.1335882 0.1082735 0.08225694 0.08057585 0.08963367 0.07870649 0.08335302 0.08612216 0.09196492 0.09219667 0.08827772 0.09384613 0.1127203 0.1228071 0.1179504 0.1261667 0.1172662 0.148781 0.1355176 0.1659097 0.1784653 0.166589 0.2074706 0.2016995 0.1840194 0.1811634 0.1974845 0.2061099 0.2308963 0.2129479 0.215564 0.2218135 0.2298121 0.2451881 0.2415276 0.1895886 -9999 0.2805736 -9999 -9999 -9999 -9999 -9999 -9999 -9999 -9999 -9999 -9999 -9999 -9999 -9999
