GIS/MAP/uga_pfpr2to10.asc
ncols         121
nrows         127
xllcorner     118236.49319105
yllcorner     -163800.7987251
cellsize      5000
NODATA_value  -9999
[rows 56 to 83 of 127, columns 0 to 62 of 121]
-9999 -9999 -9999 -9999 -9999 -9999 -9999 -9999 -9999 -9999 -9999 -9999 -9999 -9999 -9999 -9999 -9999 -9999 -9999 -9999 -9999 -9999 -9999 -9999 -9999 -9999 -9999 -9999 -9999 -9999 -9999 -9999 -9999 -9999 -9999 -9999 -9999 0.3114874 0.3523169 0.4105376 0.3658942 0.3938027 0.3287919 0.3049963 0.2754918 0.2197789 0.2260663 0.2137683 0.2614604 0.2579146 0.273511 0.3186888 0.3259885 0.290816 0.2883341 0.2576886 0.2499553 0.2416731 0.2435356 0.2829703 0.3097505 0.3392815 0.2960824
-9999 -9999 -9999 -9999 -9999 -9999 -9999 -9999 -9999 -9999 -9999 -9999 -9999 -9999 -9999 -9999 -9999 -9999 -9999 -9999 -9999 -9999 -9999 -9999 -9999 -9999 -9999 -9999 -9999 -9999 -9999 -9999 -9999 -9999 -9999 -9999 0.2760132 0.3378334 0.3975944 0.3751544 0.3700672 0.3605561 0.3097027 0.2844101 0.2402042 0.2240788 0.2077001 0.2479073 0.2396809 0.2458111 0.2781546 0.3133681 0.2938759 0.2754431 0.2627289 0.2492932 0.2293914 0.2218605 0.232942 0.243056 0.2438374 0.2716004 0.2957402
-9999 -9999 -9999 -9999 -9999 -9999 -9999 -9999 -9999 -9999 -9999 -9999 -9999 -9999 -9999 -9999 -9999 -9999 -9999 -9999 -9999 -9999 -9999 -9999 -9999 -9999 -9999 -9999 -9999 -9999 -9999 -9999 -9999 -9999 -9999 0.3024745 0.3237322 0.3922009 0.3450159 0.3612916 0.3499275 0.3137137 0.2849648 0.2646006 0.2279418 0.2011619 0.2207334 0.2344761 0.2509176 0.2339182 0.2667864 0.2494534 0.2553493 0.2492276 0.235704 0.2153124 0.2230999 0.2598978 0.2617663 0.3003477 0.2830333 0.2280439 0.3457634
-9999 -9999 -9999 -9999 -9999 -9999 -9999 -9999 -9999 -9999 -9999 -9999 -9999 -9999 -9999 -9999 -9999 -9999 -9999 -9999 -9999 -9999 -9999 -9999 -9999 -9999 -9999 -9999 -9999 -9999 -9999 -9999 0.2628023 0.2158104 0.2114001 0.2794214 0.3300856 0.3453792 0.3329892 0.3187262 0.281631 0.2599279 0.23269 0.2284619 0.1980046 0.177608 0.2121954 0.2274729 0.2277818 0.2531654 0.2703658 0.243323 0.2475833 0.2152183 0.2116636 0.2242447 0.2256577 0.2576095 0.3020267 0.3276606 0.3143544 0.2760729 0.232544
-9999 -9999 -9999 -9999 -9999 -9999 -9999 -9999 -9999 -9999 -9999 -9999 -9999 -9999 -9999 -9999 -9999 -9999 -9999 -9999 -9999 -9999 -9999 -9999 -9999 -9999 -9999 -9999 -9999 -9999 0.2601632 0.2437169 0.2216368 0.2356104 0.2727892 0.3060838 0.2792476 0.2995008 0.2970949 0.2664948 0.2303212 0.2167425 0.2023472 0.2029945 0.1908985 0.1838704 0.1948792 0.2165545 0.2050947 0.2462755 0.2625748 0.274335 0.2631816 0.2357491 0.1930755 0.2298899 0.2378508 0.2714413 0.2655281 0.2789629 0.3077736 0.285872 0.2458167
-9999 -9999 -9999 -9999 -9999 -9999 -9999 -9999 -9999 -9999 -9999 -9999 -9999 -9999 -9999 -9999 -9999 -9999 -9999 -9999 -9999 -9999 -9999 -9999 -9999 -9999 -9999 -9999 -9999 -9999 0.2411678 0.2917147 0.2372596 0.2717515 0.2881033 0.2765132 0.2872141 0.2512795 0.2228239 0.2299553 0.1976206 0.1853252 0.1800699 0.1921159 0.1926881 0.1866858 0.1876147 0.1931791 0.1916354 0.2065954 0.2104423 0.2081345 0.2160539 0.190802 0.2033862 0.2208147 0.2321451 0.2639597 0.2710974 0.2787074 0.267446 0.2833921 0.2919144
-9999 -9999 -9999 -9999 -9999 -9999 -9999 -9999 -9999 -9999 -9999 -9999 -9999 -9999 -9999 -9999 -9999 -9999 -9999 -9999 -9999 -9999 -9999 -9999 -9999 -9999 -9999 -9999 0.2682674 0.2186154 0.248942 0.2661019 0.2577937 0.2907964 0.2825164 0.2919961 0.2448653 0.2159624 0.1783213 0.1358736 0.1416119 0.1530414 0.1583243 0.1881047 0.2020982 0.1769389 0.1843578 0.1997887 0.1859867 0.1777505 0.1823853 0.1768235 0.1658078 0.1843885 0.1993797 0.2151195 0.2106197 0.2498333 0.2371471 0.2562249 0.2821755 0.2719769 0.3054807
-9999 -9999 -9999 -9999 -9999 -9999 -9999 -9999 -9999 -9999 -9999 -9999 -9999 -9999 -9999 -9999 -9999 -9999 -9999 -9999 -9999 -9999 -9999 -9999 -9999 -9999 -9999 -9999 0.2205992 0.2288014 0.2721475 0.2586101 0.243152 0.2432115 0.261389 0.2302669 0.2097999 0.2198592 0.2191068 0.1583504 0.1514812 0.1766845 0.186177 0.1739661 0.1731922 0.1594616 0.188255 0.2096593 0.1869968 0.1532315 0.1546949 0.1770339 0.1763124 0.1866633 0.1997918 0.1955325 0.1924956 0.1963629 0.2248934 0.2349288 0.2324653 0.2698432 0.2963132
-9999 -9999 -9999 -9999 -9999 -9999 -9999 -9999 -9999 -9999 -9999 -9999 -9999 -9999 -9999 -9999 -9999 -9999 -9999 -9999 -9999 -9999 -9999 -9999 -9999 -9999 -9999 0.2953243 0.251188 0.3065211 0.30342 0.2442256 0.2118621 0.355267 0.2239726 0.2327649 0.174184 0.1987108 0.1742953 0.1723702 0.1536584 0.1730813 0.1719503 0.1503494 0.161776 0.1602453 0.1599753 0.1588155 0.1568629 0.1448187 0.1567456 0.1831529 0.1792278 0.1941673 0.2026222 0.1836758 0.1895953 0.1894802 0.1975372 0.2199819 0.2395899 0.287997 0.2967734
-9999 -9999 -9999 -9999 -9999 -9999 -9999 -9999 -9999 -9999 -9999 -9999 -9999 -9999 -9999 -9999 -9999 -9999 -9999 -9999 -9999 -9999 -9999 -9999 -9999 -9999 0.2843038 0.2282748 0.319813 0.3351057 0.2694125 0.2475698 0.2643661 0.294086 0.1831808 0.1843618 0.1944932 0.1638716 0.1644825 0.1559839 0.1485895 0.1569754 0.134462 0.1255692 0.1412819 0.1547852 0.1410031 0.1488963 0.1567168 0.1530536 0.1563628 0.1552753 0.1613408 0.1699345 0.1879995 0.2001371 0.192575 0.1993397 0.2003224 0.2039285 0.2260816 0.2534202 0.2823022
-9999 -9999 -9999 -9999 -9999 -9999 -9999 -9999 -9999 -9999 -9999 -9999 -9999 -9999 -9999 -9999 -9999 -9999 -9999 -9999 -9999 -9999 -9999 -9999 -9999 0.239904 0.2128067 0.3220815 0.3072025 0.2382677 0.2402665 0.2402593 0.2352001 0.1841017 0.1906309 0.1835446 0.201533 0.1607154 0.1517152 0.1564951 0.1060614 0.1193034 0.1338512 0.145328 0.1502306 0.1678053 0.1749739 0.1809759 0.1697072 0.1763439 0.1512312 0.1678917 0.1681968 0.1577156 0.1701996 0.1934756 0.1822777 0.2001534 0.2055642 0.176112 0.1983474 0.220361 0.2768051
-9999 -9999 -9999 -9999 -9999 -9999 -9999 -9999 -9999 -9999 -9999 -9999 -9999 -9999 -9999 -9999 -9999 -9999 -9999 -9999 -9999 -9999 -9999 -9999 -9999 0.1685515 0.2130578 0.2925888 0.28849 0.2101995 0.2125209 0.2076119 0.1675306 0.1749529 0.2141002 0.1890634 0.1808048 0.1544463 0.1285288 0.1367685 0.129374 0.1392222 0.1395691 0.1577559 0.1352937 0.1704066 0.1843916 0.1743256 0.1622135 0.1601432 0.1486118 0.1480214 0.17788 0.1520376 0.1624827 0.1843562 0.1782576 0.1790877 0.1875753 0.2101629 0.2136628 0.1965232 0.2246663
-9999 -9999 -9999 -9999 -9999 -9999 -9999 -9999 -9999 -9999 -9999 -9999 -9999 -9999 -9999 -9999 -9999 0.1381635 0.1731349 0.1512932 0.1259112 -9999 -9999 -9999 0.1790175 0.1698203 0.2521885 0.2305999 0.2105415 0.1994788 0.2479363 0.2001313 0.1880454 0.1961476 0.2137657 0.2163235 0.1735013 0.15454 0.1774911 0.1598518 0.1668954 0.1581582 0.1906816 0.1705126 0.1642383 0.1544528 0.1718377 0.1709764 0.1740197 0.1690314 0.1463735 0.1356454 0.1718328 0.1716726 0.148922 0.1560104 0.1713427 0.1825534 0.1897694 0.1761109 0.2010351 0.2121651 0.2218841
-9999 -9999 -9999 -9999 -9999 -9999 -9999 -9999 -9999 -9999 -9999 -9999 -9999 -9999 -9999 0.1438537 0.1544157 0.1671574 0.1766849 0.1554478 0.1235052 -9999 -9999 0.1550867 0.1364888 0.157386 0.2065624 0.1768686 0.2260487 0.2262332 0.210416 0.2102489 0.2029188 0.2185687 0.2294874 0.2329286 0.1746899 0.1913285 0.192222 0.1827162 0.1854258 0.1566178 0.1895874 0.1921279 0.1649638 0.1508703 0.1614234 0.1657397 0.1846128 0.1724802 0.1521023 0.1403725 0.1574875 0.1698202 0.1532412 0.1571933 0.1845246 0.2087603 0.2081934 0.1923683 0.1973121 0.1917541 0.2228045
-9999 -9999 -9999 -9999 -9999 -9999 -9999 -9999 -9999 -9999 -9999 -9999 -9999 -9999 -9999 0.1274837 0.1343794 0.1396581 0.168324 0.162487 0.1232628 0.1459424 -9999 0.1534179 0.2559619 0.1889108 0.1682424 0.2428209 0.2574852 0.2323723 0.2123995 0.2620446 0.209064 0.2179035 0.2259821 0.2123957 0.2330429 0.2286001 0.234648 0.2037736 0.1761588 0.1854807 0.195318 0.1861214 0.1566355 0.1640963 0.1561356 0.1582348 0.179431 0.1859198 0.1676248 0.1473682 0.1460482 0.1655467 0.1515512 0.1630873 0.1864901 0.1941519 0.2231334 0.220552 0.2027354 0.2121109 0.2524818
-9999 -9999 -9999 -9999 -9999 -9999 -9999 -9999 -9999 -9999 -9999 -9999 -9999 -9999 -9999 0.1401151 0.1234544 0.138826 0.1716032 0.1745176 0.1503435 0.1312816 0.1266265 0.2086574 0.2495313 0.240881 0.2153283 0.2383531 0.2437363 0.2380877 0.2379594 0.2066499 0.2404189 0.2158148 0.2120063 0.2100487 0.2659786 0.2552163 0.2293213 0.2058422 0.1869411 0.1775959 0.2020309 0.1729031 0.1577931 0.1696539 0.1623466 0.1629213 0.1697561 0.1807743 0.1683822 0.1575089 0.1420027 0.1399579 0.1435616 0.1559774 0.1707353 0.1909989 0.2231785 0.2349316 0.2192848 0.2013866 0.2579883
-9999 -9999 -9999 -9999 -9999 -9999 -9999 -9999 -9999 -9999 -9999 -9999 -9999 -9999 0.1509065 0.1507151 0.1524502 0.1643916 0.1816922 0.198171 0.2205701 0.1999336 0.1598532 0.2044408 0.2440244 0.2458223 0.2645932 0.2508878 0.2311044 0.2332793 0.228493 0.1916649 0.2110365 0.2229614 0.2115382 0.2065586 0.2770591 0.2445094 0.2326703 0.2073967 0.1948895 0.1822645 0.1786494 0.177075 0.1591811 0.1519734 0.1629383 0.1712231 0.1683354 0.171624 0.1638729 0.1537657 0.1439187 0.133234 0.1590657 0.1558431 0.1760465 0.1847976 0.2131195 0.2319823 0.2318721 0.205688 0.2649696
-9999 -9999 -9999 -9999 -9999 -9999 -9999 -9999 -9999 -9999 -9999 -9999 -9999 -9999 0.148572 0.1422245 0.1537692 0.1700353 0.2080132 0.2161099 0.2191092 0.1958505 0.1762215 0.2185616 0.2074924 0.2157424 0.2258334 0.2013424 0.2286066 0.2327676 0.2170208 0.21522 0.2189834 0.2139402 0.2101684 0.1847923 0.2133368 0.2100543 0.2100494 0.2116485 0.1887476 0.1692441 0.1836628 0.1615013 0.1702962 0.1517542 0.1506073 0.155802 0.1537918 0.1666367 0.1611817 0.1585101 0.1460721 0.1410951 0.1520621 0.1830414 0.1835935 0.167631 0.1468712 0.2006666 0.2154976 0.2404118 0.2434358
-9999 -9999 -9999 -9999 -9999 -9999 -9999 -9999 -9999 -9999 -9999 -9999 -9999 0.1167313 0.1492548 0.1576385 0.18039 0.1818167 0.1887964 0.1803512 0.1590334 0.2061957 0.2025365 0.2152511 0.1913587 0.2107946 0.2131233 0.2378329 0.2263844 0.1905088 0.1878219 0.210252 0.2209662 0.2102144 0.1869232 0.2172363 0.1920146 0.180856 0.2174645 0.2029343 0.2020092 0.1666967 0.1444612 0.1526052 0.1524255 0.1630568 0.1520278 0.1469673 0.1563278 0.1520477 0.163023 0.1567806 0.1726639 0.1519895 0.1395787 0.1684194 0.1853186 0.1840994 0.1818374 0.1915928 0.2165173 0.2331171 0.2364535
-9999 -9999 -9999 -9999 -9999 -9999 -9999 -9999 -9999 -9999 0.1818349 0.2019069 0.1755569 0.1227011 0.1490329 0.1619151 0.174987 0.1915386 0.1648464 0.1794027 0.1340041 0.1940923 0.2392265 0.2038407 0.2006063 0.1978097 0.2063689 0.2145456 0.2098089 0.1985738 0.1852614 0.186703 0.1981924 0.2281154 0.2145895 0.2381975 0.2157317 0.1969418 0.1856602 0.2276587 0.1721523 0.1476601 0.1572647 0.1420628 0.1569086 0.1509301 0.1414434 0.1478102 0.1448262 0.1428155 0.1208852 0.1495611 0.1805737 0.158276 0.1620496 0.1586085 0.1891396 0.1975755 0.1977289 0.1723488 0.235173 0.2372058 0.2284708
-9999 -9999 -9999 -9999 -9999 -9999 -9999 -9999 -9999 0.1725606 0.2067653 0.160165 0.1442026 0.1231364 0.1251056 0.1737466 0.2084591 0.2018909 0.1780699 0.1359705 0.1862718 0.1725944 0.2039777 0.1665893 0.1910575 0.2122895 0.2085222 0.2004048 0.2113534 0.2644243 0.2291885 0.2176537 0.194865 0.1855857 0.1832552 0.2069989 0.1991177 0.1833726 0.1790108 0.2052457 0.1875329 0.163617 0.1340778 0.1417063 0.1577491 0.1808773 0.1832258 0.1710365 0.1467949 0.1025558 0.119215 0.1311362 0.1559188 0.1774976 0.1822849 0.1692315 0.1830835 0.227901 0.1816225 0.1866362 0.210041 0.2265082 0.233026
-9999 -9999 -9999 -9999 -9999 -9999 -9999 -9999 -9999 0.1769655 0.1309953 0.1428886 0.1225786 0.09113011 0.125266 0.1447464 0.1619493 0.137512 0.1522194 0.1353965 0.1955591 0.1374176 0.1680159 0.1614042 0.2018094 0.2290874 0.2106241 0.1962522 0.1813355 0.2025349 0.2747307 0.2518539 0.1990691 0.2238985 0.213183 0.2235159 0.2056194 0.1813882 0.1670474 0.1674394 0.1641876 0.1934055 0.151568 0.1769558 0.1854474 0.2057793 0.2009888 0.1901736 0.1678428 0.09790664 0.1283302 0.1306657 0.1262307 0.1495707 0.1753711 0.1595907 0.1619679 0.2023962 0.1718111 0.1812694 0.1841016 0.2007068 0.1819467
-9999 -9999 -9999 -9999 -9999 -9999 -9999 -9999 -9999 0.1409199 0.1168368 0.1240498 0.1336258 0.06759914 0.1135365 0.1331903 0.1534199 0.1572544 0.1580367 0.1489237 0.1197776 0.1392743 0.1813842 0.211343 0.2167256 0.215053 0.210967 0.2299072 0.190792 0.1949021 0.264375 0.2413694 0.2460065 0.2444063 0.2028697 0.1990978 0.2048462 0.2077138 0.1588407 0.1594912 0.174266 0.1729196 0.1552094 0.1678766 0.2044214 0.1814401 0.1863877 0.2035468 0.1855048 0.1320961 0.1368208 0.1386002 0.1138522 0.1155432 0.148332 0.1414664 0.169646 0.1947028 0.1673913 0.1602502 0.1816577 0.1740708 0.1925904
-9999 -9999 -9999 -9999 -9999 -9999 -9999 -9999 -9999 0.1289773 0.1192745 0 0.05958579 0.1338877 0.153074 0.1116283 0.1131921 0.1448015 0.1426382 0.1267774 0.1486972 0.145862 0.1794167 0.2062463 0.209635 0.1767278 0.2039437 0.2374899 0.175029 0.1532193 0.1900294 0.2362832 0.2058647 0.2047198 0.2153471 0.2395699 0.2487755 0.2034754 0.186886 0.1928156 0.1790781 0.1638633 0.157871 0.1365702 0.1279021 0.136756 0.1337901 0.1717262 0.1614844 0.1643357 0.1510405 0.1404757 0.1178962 0.1224232 0.1112782 0.1285482 0.1500214 0.1711128 0.1609411 0.1281611 0.1314857 0.162108 0.188619
-9999 -9999 -9999 -9999 -9999 -9999 -9999 -9999 -9999 0.1474457 0.1560216 0 0.07498516 0.1406614 0.1588535 0.1642231 0.1563995 0.1489874 0.1763058 0.1266715 0.1173283 0.1834495 0.1648883 0.1844365 0.187355 0.1535184 0.1569645 0.1724446 0.1930476 0.1801225 0.19783 0.1899463 0.1889836 0.2178837 0.1837752 0.2012958 0.2342618 0.2259659 0.1941044 0.1845594 0.1582269 0.1739704 0.1848478 0.1621755 0.1931992 0.1770589 0.1638263 0.1541357 0.1590943 0.1593115 0.1616557 0.143812 0.1462868 0.12972 0.1313526 0.1153603 0.127812 0.1285389 0.1284735 0.1060716 0.1162087 0.1201916 0.1331563
-9999 -9999 -9999 -9999 -9999 -9999 -9999 -9999 -9999 0.1072873 0 0 0.0891771 0.1361293 0.1584254 0.1799472 0.1865565 0.1434206 0.2374817 0.2197282 0.1484993 0.1554162 0.202158 0.2255922 0.1981138 0.1807795 0.149111 0.1794915 0.1572421 0.1643988 0.1824279 0.1796745 0.2247514 0.2194948 0.1868764 0.19511 0.2362982 0.2196383 0.1931064 0.1724645 0.1368833 0.150556 0.1586444 0.1746125 0.1952282 0.190478 0.1689662 0.1773396 0.1665875 0.1406001 0.1446958 0.1372799 0.1409926 0.1305004 0.1208744 0.1110573 0.1312792 0.1337637 0.1179014 0.1163775 0.1227057 0.1345785 0.1319675
-9999 -9999 -9999 -9999 -9999 -9999 -9999 -9999 -9999 0 0 0.09396373 0.1095086 0.1510478 0.1729255 0.1798756 0.1653872 0.1311597 0.2296496 0.2451972 0.2565368 0.179974 0.2294642 0.2232871 0.1843624 0.1772335 0.1752842 0.1742837 0.1657217 0.1904307 0.2172646 0.1876031 0.1947785 0.2033601 0.2061021 0.2005002 0.224949 0.1967634 0.1677971 0.2012964 0.2079666 0.1644492 0.1348983 0.1456363 0.1774718 0.168542 0.1771617 0.1870098 0.1694568 0.149518 0.1271232 0.1305821 0.1340299 0.1243579 0.1256974 0.1292686 0.1285562 0.1256335 0.1137924 0.1289082 0.1227493 0.126493 0.1323003
-9999 -9999 -9999 -9999 -9999 -9999 -9999 -9999 -9999 0 0 0.07699328 0.1250114 0.1326165 0.1527424 0.143858 0.1387326 0.1362247 0.2191366 0.2394646 0.2532283 0.1979758 0.2176861 0.2275274 0.2061254 0.1900811 0.2398576 0.2455931 0.2484745 0.2189533 0.2125978 0.1953274 0.1963418 0.203419 0.2031905 0.1959581 0.2416851 0.237367 0.208923 0.2537082 0.2209883 0.1769064 0.1553266 0.1911241 0.1873508 0.1626923 0.1697218 0.1740032 0.162329 0.1366788 0.1274035 0.118636 0.1325392 0.1333317 0.1171388 0.1250452 0.1351554 0.123948 0.1372322 0.1378685 0.1383499 0.124369 0.1075612
