Analysis/inputs/029_tact_al_asaq_alaq/input/uga_admin_districts.asc
ncols         121
nrows         127
xllcorner     118236.49319105
yllcorner     -163800.7987251
cellsize      5000
NODATA_value  -9999
[rows 42 to 83 of 127, columns 0 to 95 of 121]
-9999 -9999 -9999 -9999 -9999 -9999 -9999 -9999 -9999 -9999 -9999 -9999 -9999 -9999 -9999 -9999 -9999 -9999 -9999 -9999 -9999 -9999 -9999 -9999 -9999 -9999 -9999 -9999 -9999 135 -9999 -9999 -9999 109 109 109 109 109 119 119 119 119 113 113 113 113 113 113 113 66 66 66 66 113 113 113 113 113 113 117 117 117 117 117 117 117 117 117 71 71 71 71 71 71 81 81 4 4 4 4 4 4 4 116 116 4 4 4 54 116 54 54 54 54 54 108
-9999 -9999 -9999 -9999 -9999 -9999 -9999 -9999 -9999 -9999 -9999 -9999 -9999 -9999 -9999 -9999 -9999 -9999 -9999 -9999 -9999 -9999 -9999 -9999 -9999 -9999 -9999 -9999 -9999 -9999 -9999 -9999 -9999 -9999 109 109 109 109 119 119 113 113 113 113 113 113 113 113 90 66 66 66 66 66 66 113 113 113 113 113 117 117 117 117 117 117 117 117 117 71 71 71 81 81 81 81 81 81 81 4 4 4 4 4 4 4 4 4 4 54 54 54 54 54 54 54
-9999 -9999 -9999 -9999 -9999 -9999 -9999 -9999 -9999 -9999 -9999 -9999 -9999 -9999 -9999 -9999 -9999 -9999 -9999 -9999 -9999 -9999 -9999 -9999 -9999 -9999 -9999 -9999 -9999 -9999 -9999 -9999 -9999 -9999 -9999 -9999 -9999 109 119 113 113 113 113 21 90 90 90 90 90 66 66 66 66 66 66 66 113 113 113 113 117 117 117 117 117 117 117 117 71 71 71 71 81 81 81 81 81 81 81 4 4 4 4 4 4 4 4 4 54 54 54 54 54 54 54 54
-9999 -9999 -9999 -9999 -9999 -9999 -9999 -9999 -9999 -9999 -9999 -9999 -9999 -9999 -9999 -9999 -9999 -9999 -9999 -9999 -9999 -9999 -9999 -9999 -9999 -9999 -9999 -9999 -9999 -9999 -9999 -9999 -9999 -9999 -9999 -9999 -9999 109 119 -9999 21 21 21 21 90 90 90 90 90 66 66 66 66 66 66 66 66 66 66 66 66 117 117 117 117 117 117 71 71 71 71 71 71 81 81 81 81 81 81 81 4 4 4 4 4 4 4 7 54 54 54 54 54 54 54 54
-9999 -9999 -9999 -9999 -9999 -9999 -9999 -9999 -9999 -9999 -9999 -9999 -9999 -9999 -9999 -9999 -9999 -9999 -9999 -9999 -9999 -9999 -9999 -9999 -9999 -9999 -9999 -9999 -9999 -9999 -9999 -9999 -9999 -9999 -9999 -9999 -9999 -9999 -9999 -9999 21 21 21 21 90 90 90 90 90 66 66 66 66 66 66 66 66 66 66 66 66 117 117 117 117 117 9 9 71 71 71 71 71 71 71 81 81 81 81 4 4 4 4 4 4 4 4 7 7 54 7 7 54 54 54 54
-9999 -9999 -9999 -9999 -9999 -9999 -9999 -9999 -9999 -9999 -9999 -9999 -9999 -9999 -9999 -9999 -9999 -9999 -9999 -9999 -9999 -9999 -9999 -9999 -9999 -9999 -9999 -9999 -9999 -9999 -9999 -9999 -9999 -9999 -9999 -9999 -9999 -9999 -9999 -9999 21 21 21 21 90 90 90 90 66 66 66 66 66 66 66 66 66 66 66 66 66 117 117 117 117 117 9 74 74 74 74 74 71 71 81 81 81 81 81 4 4 4 4 4 4 7 7 7 7 7 7 7 54 54 54 54
-9999 -9999 -9999 -9999 -9999 -9999 -9999 -9999 -9999 -9999 -9999 -9999 -9999 -9999 -9999 -9999 -9999 -9999 -9999 -9999 -9999 -9999 -9999 -9999 -9999 -9999 -9999 -9999 -9999 -9999 -9999 -9999 -9999 -9999 -9999 -9999 -9999 -9999 -9999 -9999 21 21 21 21 90 90 90 90 66 66 66 66 66 66 66 66 66 66 66 66 66 66 9 9 9 9 9 9 74 74 74 74 74 74 31 81 81 81 81 31 31 31 4 4 7 7 7 7 7 7 7 7 7 54 54 54
-9999 -9999 -9999 -9999 -9999 -9999 -9999 -9999 -9999 -9999 -9999 -9999 -9999 -9999 -9999 -9999 -9999 -9999 -9999 -9999 -9999 -9999 -9999 -9999 -9999 -9999 -9999 -9999 -9999 -9999 -9999 -9999 -9999 -9999 -9999 -9999 -9999 -9999 -9999 -9999 21 21 21 21 90 90 90 90 90 66 66 66 66 66 66 66 66 66 66 66 66 66 9 9 9 9 9 9 9 74 74 74 74 74 31 31 31 81 31 31 31 31 31 45 45 7 7 7 7 7 7 7 7 54 54 54
-9999 -9999 -9999 -9999 -9999 -9999 -9999 -9999 -9999 -9999 -9999 -9999 -9999 -9999 -9999 -9999 -9999 -9999 -9999 -9999 -9999 -9999 -9999 -9999 -9999 -9999 -9999 -9999 -9999 -9999 -9999 -9999 -9999 -9999 -9999 -9999 -9999 -9999 -9999 -9999 21 21 21 21 90 90 90 90 90 90 66 66 66 66 66 66 66 66 66 66 66 66 9 9 9 9 9 9 9 74 74 74 74 31 31 31 31 31 31 31 31 31 45 45 45 7 130 130 130 7 7 7 7 7 7 7
-9999 -9999 -9999 -9999 -9999 -9999 -9999 -9999 -9999 -9999 -9999 -9999 -9999 -9999 -9999 -9999 -9999 -9999 -9999 -9999 -9999 -9999 -9999 -9999 -9999 -9999 -9999 -9999 -9999 -9999 -9999 -9999 -9999 -9999 -9999 -9999 -9999 -9999 -9999 -9999 21 21 21 21 21 90 90 90 90 90 90 90 66 66 66 66 66 66 66 66 66 66 9 9 9 9 9 9 9 74 74 74 74 74 74 31 31 31 31 31 31 31 45 45 45 45 130 130 130 130 130 7 7 7 7 7
-9999 -9999 -9999 -9999 -9999 -9999 -9999 -9999 -9999 -9999 -9999 -9999 -9999 -9999 -9999 -9999 -9999 -9999 -9999 -9999 -9999 -9999 -9999 -9999 -9999 -9999 -9999 -9999 -9999 -9999 -9999 -9999 -9999 -9999 -9999 -9999 -9999 -9999 -9999 -9999 21 21 21 21 90 90 90 90 90 90 90 90 66 66 66 66 66 66 66 66 66 66 9 9 9 9 9 74 74 74 74 74 74 74 74 31 31 31 31 31 42 42 45 45 45 45 130 130 130 130 130 7 7 7 7 7
-9999 -9999 -9999 -9999 -9999 -9999 -9999 -9999 -9999 -9999 -9999 -9999 -9999 -9999 -9999 -9999 -9999 -9999 -9999 -9999 -9999 -9999 -9999 -9999 -9999 -9999 -9999 -9999 -9999 -9999 -9999 -9999 -9999 -9999 -9999 -9999 -9999 -9999 21 21 21 21 21 21 21 90 90 90 90 90 90 66 66 66 66 66 66 66 66 66 66 9 9 9 9 9 74 74 74 74 74 74 74 74 74 31 31 31 31 42 42 42 45 45 45 45 130 130 130 130 130 130 7 7 7 58
-9999 -9999 -9999 -9999 -9999 -9999 -9999 -9999 -9999 -9999 -9999 -9999 -9999 -9999 -9999 -9999 -9999 -9999 -9999 -9999 -9999 -9999 -9999 -9999 -9999 -9999 -9999 -9999 -9999 -9999 -9999 -9999 -9999 -9999 -9999 -9999 -9999 -9999 34 21 21 21 21 21 21 90 90 90 90 90 90 90 66 66 66 66 66 66 66 66 9 9 9 9 9 9 74 74 74 74 74 5 5 5 5 5 31 31 31 42 42 42 42 45 45 45 130 130 130 130 130 130 130 130 7 7
-9999 -9999 -9999 -9999 -9999 -9999 -9999 -9999 -9999 -9999 -9999 -9999 -9999 -9999 -9999 -9999 -9999 -9999 -9999 -9999 -9999 -9999 -9999 -9999 -9999 -9999 -9999 -9999 -9999 -9999 -9999 -9999 -9999 -9999 -9999 -9999 -9999 -9999 34 34 21 21 21 21 90 90 90 90 90 90 90 90 66 66 66 66 66 9 9 9 9 9 9 9 9 9 74 74 74 74 5 5 5 5 5 5 31 31 42 42 42 42 42 45 45 45 130 130 130 130 130 130 130 130 7 58
-9999 -9999 -9999 -9999 -9999 -9999 -9999 -9999 -9999 -9999 -9999 -9999 -9999 -9999 -9999 -9999 -9999 -9999 -9999 -9999 -9999 -9999 -9999 -9999 -9999 -9999 -9999 -9999 -9999 -9999 -9999 -9999 -9999 -9999 -9999 -9999 -9999 34 34 34 21 21 21 90 90 90 90 90 90 90 90 90 66 66 66 66 9 9 9 9 9 9 9 9 9 9 9 74 74 5 5 5 5 5 5 5 42 42 42 42 42 42 45 45 45 130 130 130 130 130 130 130 130 130 58 58
-9999 -9999 -9999 -9999 -9999 -9999 -9999 -9999 -9999 -9999 -9999 -9999 -9999 -9999 -9999 -9999 -9999 -9999 -9999 -9999 -9999 -9999 -9999 -9999 -9999 -9999 -9999 -9999 -9999 -9999 -9999 -9999 -9999 -9999 -9999 -9999 34 34 34 34 90 90 90 90 90 90 90 90 90 90 90 90 66 66 66 66 9 104 104 104 9 9 5 5 5 9 9 74 5 5 5 5 5 5 5 5 42 42 42 42 42 45 45 45 127 127 130 130 130 130 130 130 130 110 110 110
-9999 -9999 -9999 -9999 -9999 -9999 -9999 -9999 -9999 -9999 -9999 -9999 -9999 -9999 -9999 -9999 -9999 -9999 -9999 -9999 -9999 -9999 -9999 -9999 -9999 -9999 -9999 -9999 -9999 -9999 -9999 -9999 -9999 -9999 -9999 34 34 34 34 34 90 90 90 90 90 90 90 90 90 90 90 90 90 90 90 90 104 104 104 104 104 104 5 5 5 -9999 5 5 5 5 5 5 5 5 5 5 42 42 42 42 42 45 127 127 127 127 127 127 127 130 130 130 110 110 110 110
-9999 -9999 -9999 -9999 -9999 -9999 -9999 -9999 -9999 -9999 -9999 -9999 -9999 -9999 -9999 -9999 -9999 -9999 -9999 -9999 -9999 -9999 -9999 -9999 -9999 -9999 -9999 -9999 -9999 -9999 -9999 -9999 34 34 34 34 34 34 34 34 34 34 34 90 90 90 90 90 90 90 90 90 90 90 90 104 104 104 104 104 104 104 104 104 5 -9999 5 5 5 5 5 5 5 5 5 5 42 42 -9999 127 127 127 127 127 127 127 127 127 127 130 127 127 110 110 110 110
-9999 -9999 -9999 -9999 -9999 -9999 -9999 -9999 -9999 -9999 -9999 -9999 -9999 -9999 -9999 -9999 -9999 -9999 -9999 -9999 -9999 -9999 -9999 -9999 -9999 -9999 -9999 -9999 -9999 -9999 64 34 34 34 34 34 34 34 34 34 34 34 34 90 90 90 90 90 90 90 90 90 90 90 104 104 104 104 104 104 104 104 104 104 104 5 5 5 5 5 5 5 5 -9999 -9999 5 42 -9999 127 127 127 127 127 127 127 127 127 127 127 127 127 127 110 110 110 110
-9999 -9999 -9999 -9999 -9999 -9999 -9999 -9999 -9999 -9999 -9999 -9999 -9999 -9999 -9999 -9999 -9999 -9999 -9999 -9999 -9999 -9999 -9999 -9999 -9999 -9999 -9999 -9999 -9999 -9999 64 64 34 34 34 64 64 34 34 34 34 34 34 34 90 90 90 90 90 90 90 90 90 104 104 104 104 104 104 104 104 104 104 104 104 104 104 5 5 5 -9999 -9999 -9999 -9999 -9999 -9999 -9999 127 127 127 127 127 127 127 127 127 127 127 127 127 127 127 110 110 110 73
-9999 -9999 -9999 -9999 -9999 -9999 -9999 -9999 -9999 -9999 -9999 -9999 -9999 -9999 -9999 -9999 -9999 -9999 -9999 -9999 -9999 -9999 -9999 -9999 -9999 -9999 -9999 -9999 64 64 64 34 34 34 34 64 64 64 34 34 34 34 34 34 34 90 90 90 90 90 90 90 103 103 103 104 104 104 104 104 104 104 104 104 104 104 104 -9999 -9999 -9999 59 59 -9999 30 30 30 -9999 -9999 -9999 127 127 127 127 127 127 127 127 127 127 127 127 110 110 110 73 73
-9999 -9999 -9999 -9999 -9999 -9999 -9999 -9999 -9999 -9999 -9999 -9999 -9999 -9999 -9999 -9999 -9999 -9999 -9999 -9999 -9999 -9999 -9999 -9999 -9999 -9999 -9999 -9999 64 64 64 64 64 64 64 64 64 64 34 34 34 34 34 34 34 90 90 90 90 90 90 103 103 103 103 103 103 104 104 104 104 104 104 104 104 104 104 104 104 104 59 59 59 30 30 30 30 30 -9999 127 127 127 127 127 127 127 127 127 127 127 110 110 110 110 73 73
-9999 -9999 -9999 -9999 -9999 -9999 -9999 -9999 -9999 -9999 -9999 -9999 -9999 -9999 -9999 -9999 -9999 -9999 -9999 -9999 -9999 -9999 -9999 -9999 -9999 -9999 -9999 64 64 64 64 64 64 64 64 64 64 64 64 64 64 34 34 76 76 90 76 90 90 76 103 103 103 103 103 103 103 103 104 104 104 104 104 104 104 104 104 104 104 104 104 59 59 30 30 30 30 30 30 -9999 -9999 -9999 -9999 30 30 127 127 127 127 110 110 110 110 73 73 73
-9999 -9999 -9999 -9999 -9999 -9999 -9999 -9999 -9999 -9999 -9999 -9999 -9999 -9999 -9999 -9999 -9999 -9999 -9999 -9999 -9999 -9999 -9999 -9999 -9999 -9999 64 64 64 64 64 64 64 64 64 64 64 64 64 64 64 34 76 76 76 76 76 76 76 76 76 103 103 103 103 103 103 103 103 104 104 104 104 104 104 104 104 104 104 104 104 59 59 59 30 30 30 30 30 30 30 30 30 30 30 120 120 120 120 120 120 120 120 120 120 73
-9999 -9999 -9999 -9999 -9999 -9999 -9999 -9999 -9999 -9999 -9999 -9999 -9999 -9999 -9999 -9999 -9999 -9999 -9999 -9999 -9999 -9999 -9999 -9999 -9999 64 64 64 64 64 64 64 64 64 64 64 64 64 64 64 76 76 76 76 76 76 76 76 76 76 76 103 103 103 103 103 103 103 103 103 103 104 104 104 104 104 104 104 104 104 104 104 59 59 59 30 30 30 30 30 30 30 30 30 30 30 47 120 120 120 120 120 120 120 120 120
-9999 -9999 -9999 -9999 -9999 -9999 -9999 -9999 -9999 -9999 -9999 -9999 -9999 -9999 -9999 -9999 -9999 -9999 -9999 -9999 -9999 -9999 -9999 -9999 -9999 64 64 64 64 64 64 64 64 64 64 64 64 64 76 76 76 76 76 76 76 76 76 76 76 76 76 76 103 103 103 103 103 103 103 103 103 103 104 104 104 104 104 104 104 104 104 104 59 59 59 50 50 30 30 30 30 30 30 30 30 47 47 47 120 120 120 120 120 120 120 120
-9999 -9999 -9999 -9999 -9999 -9999 -9999 -9999 -9999 -9999 -9999 -9999 -9999 -9999 -9999 -9999 -9999 111 111 111 111 -9999 -9999 -9999 64 64 64 64 64 64 64 64 64 64 44 44 44 44 44 44 76 76 76 76 76 76 76 76 76 76 76 76 103 103 103 103 103 103 103 103 103 103 104 104 104 104 104 104 104 104 104 104 59 59 59 59 50 50 50 30 30 30 30 30 30 47 47 47 47 120 120 120 120 120 120 28
-9999 -9999 -9999 -9999 -9999 -9999 -9999 -9999 -9999 -9999 -9999 -9999 -9999 -9999 -9999 111 111 111 111 111 111 -9999 -9999 43 64 64 64 64 43 43 43 43 43 43 44 44 44 44 44 44 44 76 76 76 76 76 76 76 76 76 76 76 103 103 103 103 103 103 103 103 103 103 83 104 104 104 104 104 83 104 104 104 59 59 59 50 50 50 50 30 30 30 30 30 47 47 47 47 47 47 120 63 120 120 63 63
-9999 -9999 -9999 -9999 -9999 -9999 -9999 -9999 -9999 -9999 -9999 -9999 -9999 -9999 -9999 111 111 111 111 111 111 111 -9999 43 43 43 64 43 43 43 43 43 43 43 43 44 44 44 44 44 44 44 76 76 76 76 76 76 76 76 76 76 62 103 103 103 103 103 103 103 103 103 83 104 104 104 104 83 83 83 104 83 59 59 59 50 50 50 50 50 30 30 30 30 47 47 47 47 47 47 107 63 63 63 63 63
-9999 -9999 -9999 -9999 -9999 -9999 -9999 -9999 -9999 -9999 -9999 -9999 -9999 -9999 -9999 111 111 111 111 111 111 111 43 43 43 43 43 43 43 43 43 43 43 43 43 44 44 44 44 44 44 44 44 44 76 76 76 76 76 76 76 62 62 62 103 103 103 103 103 103 103 103 83 83 104 104 83 83 83 83 83 59 59 59 59 50 50 50 50 50 30 30 30 82 82 47 47 47 47 47 107 107 63 63 63 63
-9999 -9999 -9999 -9999 -9999 -9999 -9999 -9999 -9999 -9999 -9999 -9999 -9999 -9999 111 111 111 111 111 111 111 111 43 43 43 43 43 43 43 43 43 43 43 61 61 44 44 44 44 44 44 44 44 76 76 76 76 76 76 76 62 62 62 62 103 103 103 103 103 103 103 103 83 83 83 104 104 83 83 83 83 59 59 59 59 50 50 50 50 50 50 50 50 82 82 47 47 47 47 107 107 107 63 63 63 63
-9999 -9999 -9999 -9999 -9999 -9999 -9999 -9999 -9999 -9999 -9999 -9999 -9999 -9999 111 111 111 111 111 111 111 41 43 43 43 43 43 43 43 43 43 61 61 61 61 44 44 44 44 44 44 76 76 76 76 76 76 76 76 62 62 62 62 62 103 103 103 103 103 103 103 103 103 83 83 83 83 83 83 83 83 83 59 59 59 50 50 50 50 50 50 50 50 82 82 47 47 47 47 107 107 107 107 26 26 26
-9999 -9999 -9999 -9999 -9999 -9999 -9999 -9999 -9999 -9999 -9999 -9999 -9999 111 111 111 111 111 41 41 41 78 78 78 43 43 43 43 43 61 61 61 61 61 61 44 44 44 44 44 44 44 76 76 76 76 76 76 76 62 62 62 62 62 62 62 62 103 103 103 103 103 103 83 83 83 83 83 83 83 83 83 59 59 59 59 50 50 50 50 50 50 50 82 82 36 47 47 107 107 107 107 107 107 26 26
-9999 -9999 -9999 -9999 -9999 -9999 -9999 -9999 -9999 -9999 22 22 22 22 111 111 111 41 41 41 78 78 78 78 78 78 78 43 43 61 61 61 61 61 61 61 44 44 44 44 44 44 99 99 99 76 76 62 62 62 62 62 62 62 62 62 62 62 103 103 103 103 103 103 83 83 83 83 83 83 83 100 59 59 59 59 59 50 50 50 50 50 50 82 82 36 36 36 107 107 107 107 107 107 26 26
-9999 -9999 -9999 -9999 -9999 -9999 -9999 -9999 -9999 22 22 22 22 22 111 111 41 41 41 41 78 78 78 78 78 78 78 78 78 61 61 61 61 61 61 61 61 44 44 44 44 99 99 99 99 99 57 62 57 62 62 62 62 62 62 62 62 62 62 103 103 103 103 103 83 83 83 83 83 83 83 100 59 59 59 59 59 50 50 50 50 50 50 82 82 36 36 36 36 107 107 107 107 107 26 26
-9999 -9999 -9999 -9999 -9999 -9999 -9999 -9999 -9999 22 22 22 22 111 111 41 41 41 41 78 78 78 78 78 78 78 78 78 78 78 61 61 61 61 61 61 61 61 44 44 44 99 99 99 99 57 57 57 57 57 57 62 62 62 62 62 62 62 62 103 103 103 103 103 83 83 83 83 83 83 83 100 100 59 59 59 59 50 50 50 50 50 82 82 82 36 36 36 36 14 14 107 107 107 26 26
-9999 -9999 -9999 -9999 -9999 -9999 -9999 -9999 -9999 22 22 22 22 41 41 41 41 41 41 78 78 78 78 78 78 78 78 78 78 78 61 61 61 61 61 61 61 61 99 99 99 99 99 99 99 57 57 57 57 57 57 57 62 62 62 62 62 62 103 103 103 103 103 103 103 83 83 83 83 83 83 100 100 59 59 59 59 59 50 50 50 82 82 82 82 82 36 36 36 14 14 13 107 107 107 26
-9999 -9999 -9999 -9999 -9999 -9999 -9999 -9999 -9999 22 22 22 41 41 41 41 41 41 41 78 78 78 78 78 78 78 78 78 78 78 77 77 61 61 61 61 61 99 99 99 99 99 99 99 99 57 57 57 57 57 57 57 62 62 62 62 95 95 103 103 103 103 103 103 83 83 83 83 83 83 83 100 100 100 59 59 59 59 38 38 38 38 82 82 82 82 36 36 36 14 14 14 13 13 13 13
-9999 -9999 -9999 -9999 -9999 -9999 -9999 -9999 -9999 22 22 22 41 41 41 41 41 41 41 78 78 78 78 78 78 78 78 78 78 77 77 77 77 77 77 77 77 99 99 99 99 99 99 99 99 57 57 57 57 57 57 57 95 95 95 95 95 95 95 103 103 103 83 83 83 83 83 83 83 83 100 100 100 100 100 59 59 59 38 38 38 38 38 38 82 82 36 36 36 14 14 13 13 13 13 13
-9999 -9999 -9999 -9999 -9999 -9999 -9999 -9999 -9999 22 22 23 23 23 23 23 41 41 41 41 78 78 78 78 78 78 78 78 78 77 77 77 77 77 77 77 77 77 99 99 99 99 99 99 99 57 57 57 57 57 57 57 95 95 95 95 95 95 95 103 103 83 83 83 83 83 83 83 83 83 100 100 100 100 100 100 59 59 38 38 38 38 38 38 91 82 36 36 36 14 14 13 13 13 13 13
-9999 -9999 -9999 -9999 -9999 -9999 -9999 -9999 -9999 22 22 23 23 23 23 41 41 41 41 51 51 78 78 78 78 78 78 78 78 77 77 77 77 77 77 77 77 99 99 99 99 99 99 99 99 57 57 57 57 57 57 57 95 95 95 95 95 95 95 133 133 133 133 133 133 133 133 133 133 100 100 100 100 100 100 100 16 59 16 38 38 38 38 38 91 91 91 91 14 14 13 13 13 13 13 13
-9999 -9999 -9999 -9999 -9999 -9999 -9999 -9999 -9999 22 23 23 23 23 23 23 41 41 51 51 51 78 78 78 78 78 78 78 78 77 77 77 77 77 77 99 99 99 99 99 99 99 99 99 99 99 57 57 57 57 57 57 57 95 95 95 95 95 133 133 133 133 133 133 133 133 133 133 133 100 100 100 100 100 100 16 16 16 16 16 38 38 38 91 91 91 91 91 91 14 13 13 13 13 13 13
