Analysis/inputs/029_tact_al_asaq_alaq/input/uga_admin_districts.asc
ncols         121
nrows         127
xllcorner     118236.49319105
yllcorner     -163800.7987251
cellsize      5000
NODATA_value  -9999
[rows 84 to 125 of 127, columns 0 to 95 of 121]
-9999 -9999 -9999 -9999 -9999 -9999 -9999 -9999 22 23 56 56 56 23 23 41 41 41 51 51 51 51 78 78 78 51 51 78 78 77 77 77 77 77 77 99 99 99 99 99 99 99 99 99 99 99 57 57 57 57 57 57 57 95 95 95 95 95 95 133 133 133 133 133 133 133 133 133 133 100 100 100 100 100 100 16 16 16 16 16 38 38 38 91 91 91 91 91 91 91 91 13 13 13 13 13
-9999 -9999 -9999 -9999 -9999 -9999 -9999 56 56 56 56 56 56 56 23 23 41 41 51 51 51 51 78 78 51 51 51 51 51 77 77 77 77 77 99 99 99 99 99 99 99 99 99 99 99 57 57 57 57 57 57 57 57 95 95 95 95 95 95 95 98 133 133 133 133 133 133 49 133 100 100 100 100 100 16 16 16 16 16 16 16 16 38 91 91 91 91 91 91 91 91 91 13 13 13 105
-9999 -9999 -9999 -9999 -9999 -9999 -9999 56 56 56 56 56 56 56 56 23 41 41 51 51 51 51 51 51 51 51 51 51 51 77 77 77 77 77 77 99 99 99 99 99 99 99 99 99 32 57 57 57 57 57 57 57 57 95 95 95 95 95 95 95 98 98 98 133 133 133 49 49 133 100 100 100 100 16 16 16 16 16 16 16 16 16 29 91 91 91 91 91 91 91 91 91 13 13 105 105
-9999 -9999 -9999 -9999 -9999 -9999 -9999 56 56 56 56 56 56 56 56 56 41 41 51 51 51 51 51 51 51 51 51 51 77 77 77 77 77 77 99 99 99 99 99 99 99 32 32 32 32 32 57 57 57 57 95 95 95 95 95 95 95 95 95 95 98 98 98 133 133 49 49 49 49 100 100 100 100 100 16 16 16 16 16 16 16 29 29 29 29 91 91 91 91 91 91 91 105 105 105 105
-9999 -9999 -9999 -9999 -9999 -9999 56 56 56 56 56 56 56 56 56 56 51 51 51 51 51 51 51 51 51 51 51 77 77 77 77 77 77 99 99 99 99 99 99 32 32 32 32 32 32 32 32 32 57 32 32 95 95 95 95 32 32 95 27 27 98 98 98 133 133 133 133 49 49 100 100 100 100 100 16 16 16 16 16 16 29 29 29 29 29 29 91 91 91 91 91 105 105 105 105 105
-9999 -9999 -9999 -9999 -9999 -9999 56 56 56 56 56 56 56 56 56 56 51 51 51 51 51 51 51 51 51 51 51 77 77 77 77 77 99 99 131 131 99 99 99 32 32 32 32 32 32 32 32 32 32 32 32 32 32 32 32 32 32 27 27 98 98 98 98 133 133 133 133 133 100 100 100 100 100 100 16 16 16 16 16 16 29 29 29 29 29 29 91 91 91 91 91 -9999 105 105 105 105
-9999 -9999 -9999 -9999 -9999 -9999 56 56 56 56 56 56 56 56 56 56 68 51 51 51 51 51 51 51 60 60 60 60 60 60 60 60 131 131 131 131 131 99 131 131 131 32 32 32 32 32 32 32 32 32 32 32 32 32 32 32 27 27 27 98 98 98 133 133 133 133 133 133 100 100 100 100 100 100 16 16 16 16 16 29 29 29 29 29 -9999 -9999 29 91 91 91 -9999 105 105 105 105 105
-9999 -9999 -9999 -9999 56 56 56 56 56 56 56 56 56 56 56 68 68 68 68 68 51 35 35 35 60 60 60 60 60 60 60 60 60 131 131 131 131 131 131 131 131 131 131 32 32 32 32 32 32 32 32 32 32 32 27 98 98 98 98 98 98 133 133 133 133 133 133 133 100 100 100 100 100 16 16 16 16 16 29 29 29 -9999 29 29 29 -9999 29 29 91 91 -9999 -9999 -9999 105 105 105
-9999 -9999 -9999 56 56 56 56 56 56 56 56 56 56 56 56 68 68 68 68 68 35 35 35 60 60 60 60 60 60 60 60 60 60 131 131 131 131 131 131 131 131 131 131 131 32 32 32 32 32 32 27 27 27 27 98 98 98 98 98 98 133 133 133 133 133 133 133 133 100 100 -9999 -9999 -9999 29 16 16 29 29 29 -9999 -9999 29 29 29 -9999 -9999 29 29 -9999 -9999 -9999 -9999 -9999 105 105 105
-9999 -9999 -9999 56 56 56 56 56 56 56 56 56 56 -9999 -9999 68 68 68 68 35 35 35 35 60 60 60 60 60 60 60 60 60 65 131 131 131 131 131 131 131 131 131 131 131 131 18 18 48 48 48 27 27 98 98 98 98 98 98 98 133 133 133 133 133 133 133 133 133 -9999 -9999 -9999 100 100 -9999 29 29 29 29 29 -9999 -9999 29 29 29 -9999 -9999 29 -9999 -9999 91 91 -9999 -9999 -9999 -9999 -9999
-9999 -9999 -9999 -9999 56 56 56 56 56 56 56 56 56 56 -9999 68 68 68 35 35 35 35 60 60 60 60 60 60 60 60 65 65 131 131 131 131 131 131 131 131 131 131 131 131 18 18 18 48 48 48 48 98 98 98 98 98 98 98 98 133 133 133 133 133 -9999 -9999 -9999 -9999 100 100 100 100 100 29 29 29 -9999 -9999 -9999 -9999 -9999 -9999 -9999 -9999 -9999 -9999 -9999 -9999 -9999 -9999 91 91 -9999 -9999 -9999 -9999
-9999 -9999 -9999 56 56 56 56 56 56 56 56 56 56 56 56 68 68 68 68 35 35 35 60 60 60 60 60 60 60 60 60 65 65 65 85 85 131 131 131 131 131 131 131 131 18 18 18 48 48 48 48 48 98 98 98 98 98 98 98 98 133 -9999 -9999 -9999 -9999 -9999 -9999 -9999 -9999 100 100 100 100 -9999 -9999 -9999 -9999 -9999 -9999 29 29 -9999 -9999 -9999 -9999 -9999 -9999 -9999 -9999 -9999 91 -9999 -9999 -9999 -9999 -9999
-9999 -9999 -9999 56 56 56 56 56 56 56 56 56 123 123 68 68 68 68 68 35 35 35 60 60 60 60 60 60 65 60 65 65 65 65 85 85 85 85 131 131 131 131 131 131 18 18 18 48 48 48 48 48 48 98 98 98 -9999 -9999 98 -9999 -9999 -9999 -9999 -9999 -9999 -9999 -9999 100 100 100 100 100 100 -9999 -9999 -9999 -9999 -9999 -9999 -9999 -9999 29 -9999 -9999 -9999 -9999 -9999 -9999 -9999 -9999 91 105 105 -9999 -9999 -9999
-9999 -9999 -9999 -9999 56 56 56 56 56 56 123 123 123 123 123 35 35 68 68 68 35 35 35 60 65 65 65 65 65 65 65 65 65 65 85 85 85 85 85 131 131 131 131 131 18 18 18 48 48 48 48 48 48 -9999 -9999 -9999 -9999 -9999 -9999 98 133 -9999 -9999 -9999 -9999 -9999 -9999 -9999 -9999 100 100 100 -9999 -9999 -9999 -9999 -9999 -9999 -9999 -9999 -9999 29 -9999 -9999 -9999 -9999 -9999 -9999 -9999 -9999 -9999 105 105 105 -9999 105
-9999 -9999 -9999 -9999 -9999 56 56 123 123 123 123 123 123 123 123 123 15 35 35 35 35 35 35 65 65 65 65 65 65 65 65 65 65 65 85 85 85 85 85 131 131 131 131 131 18 18 18 18 48 48 48 48 48 89 -9999 -9999 -9999 -9999 -9999 46 46 46 -9999 -9999 -9999 -9999 -9999 -9999 -9999 -9999 -9999 -9999 -9999 -9999 -9999 -9999 -9999 -9999 -9999 -9999 29 -9999 -9999 -9999 -9999 -9999 -9999 -9999 -9999 -9999 -9999 -9999 -9999 -9999 -9999 -9999
-9999 -9999 -9999 -9999 -9999 -9999 123 123 123 123 123 123 123 123 123 15 15 15 35 35 35 35 93 65 65 65 65 65 65 65 65 65 65 85 85 85 85 85 85 131 131 131 131 131 131 18 18 18 48 89 48 89 89 89 89 46 46 46 46 -9999 46 46 46 46 46 -9999 46 46 -9999 -9999 -9999 -9999 -9999 -9999 -9999 -9999 -9999 -9999 -9999 -9999 -9999 -9999 -9999 -9999 -9999 -9999 -9999 -9999 -9999 -9999 -9999 -9999 -9999 -9999 -9999 -9999
-9999 -9999 -9999 -9999 -9999 -9999 123 123 123 123 123 123 123 123 15 15 15 15 15 35 15 93 93 65 65 65 65 65 65 65 65 65 65 65 85 85 85 85 131 131 131 131 131 131 131 18 18 18 89 89 89 89 89 89 89 46 46 46 46 46 46 -9999 46 46 -9999 -9999 -9999 -9999 -9999 -9999 -9999 -9999 -9999 -9999 -9999 -9999 -9999 -9999 29 -9999 -9999 -9999 -9999 -9999 -9999 -9999 -9999 -9999 -9999 -9999 -9999 -9999 -9999 -9999 -9999 -9999
-9999 -9999 -9999 -9999 -9999 -9999 123 123 123 123 123 123 123 24 15 15 15 15 15 15 15 93 93 93 65 65 65 65 65 65 65 65 65 65 85 85 85 84 84 84 131 84 84 84 131 84 84 89 89 89 89 89 89 89 89 46 46 46 46 46 46 46 46 46 46 46 46 46 -9999 -9999 46 -9999 -9999 -9999 -9999 -9999 -9999 -9999 -9999 -9999 -9999 -9999 -9999 -9999 -9999 -9999 -9999 -9999 -9999 -9999 -9999 -9999 -9999 -9999 -9999 -9999
-9999 -9999 -9999 -9999 125 123 123 123 123 123 24 24 123 24 24 15 15 15 15 15 15 93 93 93 93 65 65 65 65 65 65 65 65 65 85 85 84 84 84 84 84 84 84 84 84 84 84 89 89 89 89 89 89 89 -9999 -9999 -9999 -9999 46 46 46 46 46 46 46 46 46 -9999 -9999 -9999 -9999 -9999 -9999 -9999 -9999 -9999 -9999 -9999 -9999 -9999 -9999 -9999 -9999 -9999 -9999 -9999 -9999 -9999 -9999 -9999 -9999 -9999 -9999 -9999 -9999 -9999
-9999 -9999 -9999 125 125 125 125 123 24 24 24 24 24 24 24 15 15 15 15 15 93 93 93 93 93 65 65 65 65 65 65 65 65 65 65 85 84 84 84 84 84 84 84 84 84 89 89 89 89 89 89 89 89 89 -9999 -9999 -9999 46 46 46 46 46 46 46 46 46 46 -9999 -9999 -9999 -9999 -9999 -9999 -9999 -9999 -9999 -9999 -9999 -9999 -9999 -9999 -9999 -9999 -9999 -9999 -9999 -9999 -9999 -9999 -9999 -9999 -9999 -9999 -9999 -9999 -9999
-9999 -9999 52 52 125 125 125 125 24 94 24 24 24 24 24 24 128 128 128 128 93 93 93 93 93 93 65 65 65 65 65 65 65 65 65 85 121 84 84 84 84 84 84 84 84 79 79 89 89 89 89 89 -9999 -9999 -9999 -9999 -9999 46 46 46 46 46 46 -9999 46 46 -9999 -9999 -9999 -9999 -9999 -9999 -9999 -9999 -9999 -9999 -9999 -9999 -9999 -9999 -9999 -9999 -9999 -9999 -9999 -9999 -9999 -9999 -9999 -9999 -9999 -9999 -9999 -9999 -9999 -9999
-9999 -9999 52 125 125 125 125 125 94 94 24 24 24 24 24 24 128 128 128 128 93 93 93 93 93 93 93 65 65 65 65 65 65 65 65 121 121 121 121 84 84 84 84 79 79 79 79 89 89 89 89 -9999 -9999 -9999 -9999 -9999 -9999 46 46 46 46 46 -9999 -9999 46 46 -9999 -9999 -9999 -9999 -9999 -9999 -9999 -9999 -9999 -9999 -9999 -9999 -9999 -9999 -9999 -9999 -9999 -9999 -9999 -9999 -9999 -9999 -9999 -9999 -9999 -9999 -9999 -9999 -9999 -9999
-9999 -9999 52 125 125 125 125 125 94 94 94 24 24 24 24 24 128 128 128 128 93 93 93 93 93 93 93 65 65 65 65 65 65 65 65 121 121 121 121 121 84 84 79 79 79 79 79 89 89 89 89 -9999 -9999 -9999 -9999 -9999 -9999 46 46 46 46 -9999 -9999 -9999 -9999 -9999 -9999 -9999 -9999 -9999 -9999 -9999 -9999 -9999 -9999 -9999 -9999 -9999 -9999 -9999 -9999 -9999 -9999 -9999 -9999 -9999 -9999 -9999 -9999 -9999 -9999 -9999 -9999 -9999 -9999 -9999
-9999 -9999 52 52 125 125 125 94 94 94 94 94 24 24 24 24 128 128 128 128 93 93 93 93 93 93 93 65 65 65 65 65 65 65 121 121 121 121 121 121 121 121 79 79 79 79 79 89 89 89 -9999 -9999 -9999 -9999 -9999 -9999 -9999 -9999 46 46 46 46 46 -9999 -9999 -9999 -9999 -9999 -9999 -9999 -9999 -9999 -9999 -9999 -9999 -9999 -9999 -9999 -9999 -9999 -9999 -9999 -9999 -9999 -9999 -9999 -9999 -9999 -9999 -9999 -9999 -9999 -9999 -9999 -9999 -9999
-9999 -9999 52 52 52 125 125 125 94 94 94 94 94 24 128 128 128 128 128 126 126 126 93 93 37 37 37 37 37 65 65 65 65 65 121 121 121 121 121 121 121 121 121 79 79 79 79 89 89 89 -9999 -9999 -9999 -9999 -9999 -9999 -9999 -9999 -9999 -9999 46 46 46 -9999 -9999 -9999 -9999 -9999 -9999 -9999 -9999 -9999 -9999 -9999 -9999 -9999 -9999 -9999 -9999 -9999 -9999 -9999 -9999 -9999 -9999 -9999 -9999 -9999 -9999 -9999 -9999 -9999 -9999 -9999 -9999 -9999
-9999 52 52 52 52 125 125 125 125 94 94 94 128 128 128 128 128 128 126 126 126 126 93 93 37 37 37 37 37 65 65 65 65 37 37 121 121 121 121 121 121 121 121 79 79 79 79 79 89 89 -9999 -9999 -9999 -9999 -9999 -9999 -9999 -9999 46 -9999 -9999 46 -9999 -9999 -9999 -9999 -9999 -9999 -9999 -9999 -9999 -9999 -9999 -9999 -9999 -9999 -9999 -9999 -9999 -9999 -9999 -9999 -9999 -9999 -9999 -9999 -9999 -9999 -9999 -9999 -9999 -9999 -9999 -9999 -9999 -9999
-9999 52 52 52 52 125 125 125 125 125 94 94 94 128 128 128 128 126 126 126 126 126 126 93 37 37 37 37 37 37 37 37 37 37 37 37 121 121 121 121 121 121 121 79 79 79 79 79 79 -9999 -9999 -9999 -9999 -9999 -9999 -9999 -9999 -9999 -9999 -9999 46 46 -9999 -9999 -9999 -9999 -9999 -9999 -9999 -9999 -9999 -9999 -9999 -9999 -9999 -9999 -9999 -9999 -9999 -9999 -9999 -9999 -9999 -9999 -9999 -9999 -9999 -9999 -9999 -9999 -9999 -9999 -9999 -9999 -9999 -9999
-9999 52 52 52 52 52 125 125 125 125 125 112 112 112 112 112 112 112 126 126 126 126 126 126 37 37 37 37 37 37 37 37 37 37 37 37 121 121 121 121 121 121 121 79 79 79 79 79 -9999 79 -9999 -9999 -9999 -9999 -9999 -9999 -9999 -9999 -9999 -9999 -9999 -9999 -9999 -9999 -9999 -9999 -9999 -9999 -9999 -9999 -9999 -9999 -9999 -9999 -9999 -9999 -9999 -9999 -9999 -9999 -9999 -9999 -9999 -9999 -9999 -9999 -9999 -9999 -9999 -9999 -9999 -9999 -9999 -9999 -9999 -9999
-9999 52 52 52 52 52 125 125 125 125 125 112 112 112 112 112 112 112 112 126 126 126 112 126 37 37 37 37 37 37 37 37 37 37 37 37 121 121 121 121 121 121 79 79 79 79 79 79 -9999 -9999 -9999 -9999 -9999 -9999 -9999 -9999 -9999 -9999 -9999 -9999 -9999 -9999 -9999 -9999 -9999 -9999 -9999 -9999 -9999 -9999 -9999 -9999 -9999 -9999 -9999 -9999 -9999 -9999 -9999 -9999 -9999 -9999 -9999 -9999 -9999 -9999 -9999 -9999 -9999 -9999 -9999 -9999 -9999 -9999 -9999 -9999
-9999 52 52 52 52 52 52 125 125 125 125 112 112 112 112 112 112 112 112 112 112 112 112 37 37 37 37 37 37 37 37 37 37 37 37 37 121 121 121 121 121 79 79 79 79 79 79 79 79 79 -9999 -9999 -9999 -9999 -9999 -9999 -9999 -9999 -9999 -9999 -9999 -9999 -9999 -9999 -9999 -9999 -9999 -9999 -9999 -9999 -9999 -9999 -9999 -9999 -9999 -9999 -9999 -9999 -9999 -9999 -9999 -9999 -9999 -9999 -9999 -9999 -9999 -9999 -9999 -9999 -9999 -9999 -9999 -9999 -9999 -9999
-9999 52 52 52 52 52 125 125 125 125 112 112 112 112 112 112 112 112 112 112 112 112 37 37 37 37 37 37 37 37 37 37 37 37 37 37 37 121 121 121 121 79 79 79 79 79 79 79 79 -9999 -9999 -9999 -9999 -9999 -9999 -9999 -9999 -9999 -9999 -9999 -9999 -9999 -9999 -9999 -9999 -9999 -9999 -9999 -9999 -9999 -9999 -9999 -9999 -9999 -9999 -9999 -9999 -9999 -9999 -9999 -9999 -9999 -9999 -9999 -9999 -9999 -9999 -9999 -9999 -9999 -9999 -9999 -9999 -9999 -9999 -9999
52 52 52 52 52 52 125 125 125 125 125 112 112 112 112 112 112 112 112 112 112 37 37 37 37 37 37 37 37 37 37 37 37 37 37 37 37 37 121 79 79 79 79 79 79 79 79 79 79 79 -9999 -9999 -9999 -9999 -9999 -9999 -9999 -9999 -9999 -9999 -9999 -9999 -9999 -9999 -9999 -9999 -9999 -9999 -9999 -9999 -9999 -9999 -9999 -9999 -9999 -9999 -9999 -9999 -9999 -9999 -9999 -9999 -9999 -9999 -9999 -9999 -9999 -9999 -9999 -9999 -9999 -9999 -9999 -9999 -9999 -9999
52 52 52 52 122 52 52 125 125 125 125 112 112 112 112 112 112 112 112 112 112 37 37 37 37 -9999 -9999 -9999 -9999 -9999 -9999 -9999 -9999 -9999 -9999 -9999 -9999 -9999 -9999 -9999 -9999 -9999 -9999 -9999 -9999 -9999 -9999 -9999 -9999 -9999 -9999 -9999 -9999 -9999 -9999 -9999 -9999 -9999 -9999 -9999 -9999 -9999 -9999 -9999 -9999 -9999 -9999 -9999 -9999 -9999 -9999 -9999 -9999 -9999 -9999 -9999 -9999 -9999 -9999 -9999 -9999 -9999 -9999 -9999 -9999 -9999 -9999 -9999 -9999 -9999 -9999 -9999 -9999 -9999 -9999 -9999
67 67 52 52 122 122 52 125 124 124 125 112 112 112 112 112 112 112 112 -9999 -9999 37 37 37 -9999 -9999 -9999 -9999 -9999 -9999 -9999 -9999 -9999 -9999 -9999 -9999 -9999 -9999 -9999 -9999 -9999 -9999 -9999 -9999 -9999 -9999 -9999 -9999 -9999 -9999 -9999 -9999 -9999 -9999 -9999 -9999 -9999 -9999 -9999 -9999 -9999 -9999 -9999 -9999 -9999 -9999 -9999 -9999 -9999 -9999 -9999 -9999 -9999 -9999 -9999 -9999 -9999 -9999 -9999 -9999 -9999 -9999 -9999 -9999 -9999 -9999 -9999 -9999 -9999 -9999 -9999 -9999 -9999 -9999 -9999 -9999
67 67 67 67 122 122 122 122 124 124 124 112 112 112 112 112 112 -9999 -9999 -9999 -9999 -9999 -9999 -9999 -9999 -9999 -9999 -9999 -9999 -9999 -9999 -9999 -9999 -9999 -9999 -9999 -9999 -9999 -9999 -9999 -9999 -9999 -9999 -9999 -9999 -9999 -9999 -9999 -9999 -9999 -9999 -9999 -9999 -9999 -9999 -9999 -9999 -9999 -9999 -9999 -9999 -9999 -9999 -9999 -9999 -9999 -9999 -9999 -9999 -9999 -9999 -9999 -9999 -9999 -9999 -9999 -9999 -9999 -9999 -9999 -9999 -9999 -9999 -9999 -9999 -9999 -9999 -9999 -9999 -9999 -9999 -9999 -9999 -9999 -9999 -9999
67 67 67 67 122 122 122 122 122 124 124 124 112 112 112 112 -9999 -9999 -9999 -9999 -9999 -9999 -9999 -9999 -9999 -9999 -9999 -9999 -9999 -9999 -9999 -9999 -9999 -9999 -9999 -9999 -9999 -9999 -9999 -9999 -9999 -9999 -9999 -9999 -9999 -9999 -9999 -9999 -9999 -9999 -9999 -9999 -9999 -9999 -9999 -9999 -9999 -9999 -9999 -9999 -9999 -9999 -9999 -9999 -9999 -9999 -9999 -9999 -9999 -9999 -9999 -9999 -9999 -9999 -9999 -9999 -9999 -9999 -9999 -9999 -9999 -9999 -9999 -9999 -9999 -9999 -9999 -9999 -9999 -9999 -9999 -9999 -9999 -9999 -9999 -9999
67 67 67 67 67 122 122 122 122 122 124 124 124 124 124 124 -9999 -9999 -9999 -9999 -9999 -9999 -9999 -9999 -9999 -9999 -9999 -9999 -9999 -9999 -9999 -9999 -9999 -9999 -9999 -9999 -9999 -9999 -9999 -9999 -9999 -9999 -9999 -9999 -9999 -9999 -9999 -9999 -9999 -9999 -9999 -9999 -9999 -9999 -9999 -9999 -9999 -9999 -9999 -9999 -9999 -9999 -9999 -9999 -9999 -9999 -9999 -9999 -9999 -9999 -9999 -9999 -9999 -9999 -9999 -9999 -9999 -9999 -9999 -9999 -9999 -9999 -9999 -9999 -9999 -9999 -9999 -9999 -9999 -9999 -9999 -9999 -9999 -9999 -9999 -9999
-9999 67 67 67 67 122 122 122 122 40 40 40 124 124 124 -9999 -9999 -9999 -9999 -9999 -9999 -9999 -9999 -9999 -9999 -9999 -9999 -9999 -9999 -9999 -9999 -9999 -9999 -9999 -9999 -9999 -9999 -9999 -9999 -9999 -9999 -9999 -9999 -9999 -9999 -9999 -9999 -9999 -9999 -9999 -9999 -9999 -9999 -9999 -9999 -9999 -9999 -9999 -9999 -9999 -9999 -9999 -9999 -9999 -9999 -9999 -9999 -9999 -9999 -9999 -9999 -9999 -9999 -9999 -9999 -9999 -9999 -9999 -9999 -9999 -9999 -9999 -9999 -9999 -9999 -9999 -9999 -9999 -9999 -9999 -9999 -9999 -9999 -9999 -9999 -9999
-9999 67 67 67 67 122 122 122 40 40 40 40 40 -9999 -9999 -9999 -9999 -9999 -9999 -9999 -9999 -9999 -9999 -9999 -9999 -9999 -9999 -9999 -9999 -9999 -9999 -9999 -9999 -9999 -9999 -9999 -9999 -9999 -9999 -9999 -9999 -9999 -9999 -9999 -9999 -9999 -9999 -9999 -9999 -9999 -9999 -9999 -9999 -9999 -9999 -9999 -9999 -9999 -9999 -9999 -9999 -9999 -9999 -9999 -9999 -9999 -9999 -9999 -9999 -9999 -9999 -9999 -9999 -9999 -9999 -9999 -9999 -9999 -9999 -9999 -9999 -9999 -9999 -9999 -9999 -9999 -9999 -9999 -9999 -9999 -9999 -9999 -9999 -9999 -9999 -9999
-9999 67 67 67 67 67 122 40 40 40 40 40 40 -9999 -9999 -9999 -9999 -9999 -9999 -9999 -9999 -9999 -9999 -9999 -9999 -9999 -9999 -9999 -9999 -9999 -9999 -9999 -9999 -9999 -9999 -9999 -9999 -9999 -9999 -9999 -9999 -9999 -9999 -9999 -9999 -9999 -9999 -9999 -9999 -9999 -9999 -9999 -9999 -9999 -9999 -9999 -9999 -9999 -9999 -9999 -9999 -9999 -9999 -9999 -9999 -9999 -9999 -9999 -9999 -9999 -9999 -9999 -9999 -9999 -9999 -9999 -9999 -9999 -9999 -9999 -9999 -9999 -9999 -9999 -9999 -9999 -9999 -9999 -9999 -9999 -9999 -9999 -9999 -9999 -9999 -9999
-9999 67 67 -9999 -9999 -9999 -9999 40 40 40 40 40 -9999 -9999 -9999 -9999 -9999 -9999 -9999 -9999 -9999 -9999 -9999 -9999 -9999 -9999 -9999 -9999 -9999 -9999 -9999 -9999 -9999 -9999 -9999 -9999 -9999 -9999 -9999 -9999 -9999 -9999 -9999 -9999 -9999 -9999 -9999 -9999 -9999 -9999 -9999 -9999 -9999 -9999 -9999 -9999 -9999 -9999 -9999 -9999 -9999 -9999 -9999 -9999 -9999 -9999 -9999 -9999 -9999 -9999 -9999 -9999 -9999 -9999 -9999 -9999 -9999 -9999 -9999 -9999 -9999 -9999 -9999 -9999 -9999 -9999 -9999 -9999 -9999 -9999 -9999 -9999 -9999 -9999 -9999 -9999
-9999 -9999 -9999 -9999 -9999 -9999 -9999 40 40 40 40 -9999 -9999 -9999 -9999 -9999 -9999 -9999 -9999 -9999 -9999 -9999 -9999 -9999 -9999 -9999 -9999 -9999 -9999 -9999 -9999 -9999 -9999 -9999 -9999 -9999 -9999 -9999 -9999 -9999 -9999 -9999 -9999 -9999 -9999 -9999 -9999 -9999 -9999 -9999 -9999 -9999 -9999 -9999 -9999 -9999 -9999 -9999 -9999 -9999 -9999 -9999 -9999 -9999 -9999 -9999 -9999 -9999 -9999 -9999 -9999 -9999 -9999 -9999 -9999 -9999 -9999 -9999 -9999 -9999 -9999 -9999 -9999 -9999 -9999 -9999 -9999 -9999 -9999 -9999 -9999 -9999 -9999 -9999 -9999 -9999
