Analysis/inputs/010_cycling_al_dhappq_asaq_2y/input/uga_travel.asc
ncols         121
nrows         127
xllcorner     118236.49319105
yllcorner     -163800.7987251
cellsize      5000
NODATA_value  -9999
[rows 0 to 41 of 127, columns 0 to 94 of 121]
-9999 -9999 -9999 -9999 -9999 -9999 -9999 -9999 -9999 -9999 -9999 -9999 -9999 -9999 -9999 -9999 -9999 -9999 -9999 -9999 -9999 -9999 -9999 -9999 -9999 -9999 -9999 -9999 -9999 -9999 -9999 -9999 -9999 -9999 -9999 -9999 -9999 -9999 -9999 -9999 -9999 -9999 -9999 -9999 -9999 -9999 -9999 -9999 -9999 -9999 -9999 -9999 -9999 -9999 -9999 -9999 -9999 -9999 -9999 -9999 -9999 -9999 -9999 -9999 -9999 -9999 -9999 -9999 -9999 -9999 -9999 -9999 -9999 -9999 -9999 -9999 -9999 -9999 -9999 -9999 -9999 -9999 -9999 -9999 -9999 -9999 -9999 -9999 -9999 -9999 -9999 -9999 -9999 -9999 -9999
-9999 -9999 -9999 -9999 -9999 -9999 -9999 -9999 -9999 -9999 -9999 -9999 -9999 -9999 -9999 -9999 -9999 -9999 -9999 -9999 -9999 -9999 -9999 -9999 -9999 -9999 -9999 -9999 -9999 -9999 -9999 -9999 -9999 -9999 -9999 -9999 -9999 -9999 -9999 -9999 -9999 -9999 -9999 -9999 -9999 -9999 -9999 -9999 -9999 -9999 -9999 -9999 -9999 -9999 -9999 -9999 -9999 -9999 -9999 -9999 -9999 -9999 -9999 -9999 -9999 -9999 -9999 -9999 -9999 -9999 -9999 -9999 -9999 -9999 -9999 -9999 -9999 -9999 -9999 -9999 -9999 -9999 -9999 -9999 -9999 -9999 -9999 -9999 -9999 -9999 -9999 -9999 -9999 -9999 -9999
-9999 -9999 -9999 -9999 -9999 -9999 -9999 -9999 -9999 -9999 -9999 -9999 -9999 -9999 -9999 -9999 -9999 -9999 -9999 -9999 -9999 -9999 -9999 -9999 -9999 -9999 -9999 -9999 -9999 -9999 -9999 -9999 -9999 -9999 -9999 -9999 -9999 -9999 -9999 -9999 -9999 -9999 -9999 -9999 -9999 -9999 -9999 -9999 -9999 -9999 -9999 -9999 -9999 -9999 -9999 -9999 -9999 -9999 -9999 -9999 -9999 -9999 -9999 -9999 -9999 -9999 -9999 -9999 -9999 -9999 -9999 -9999 -9999 -9999 -9999 -9999 -9999 -9999 -9999 -9999 -9999 -9999 -9999 -9999 -9999 -9999 -9999 -9999 -9999 -9999 -9999 -9999 -9999 -9999 -9999
-9999 -9999 -9999 -9999 -9999 -9999 -9999 -9999 -9999 -9999 -9999 -9999 -9999 -9999 -9999 -9999 -9999 -9999 -9999 -9999 -9999 -9999 -9999 -9999 -9999 -9999 -9999 -9999 -9999 -9999 -9999 -9999 -9999 -9999 -9999 -9999 -9999 -9999 -9999 -9999 -9999 -9999 -9999 -9999 -9999 -9999 -9999 -9999 -9999 -9999 -9999 -9999 -9999 -9999 -9999 -9999 -9999 -9999 -9999 -9999 -9999 -9999 -9999 -9999 -9999 -9999 -9999 -9999 -9999 -9999 -9999 -9999 -9999 -9999 -9999 -9999 -9999 -9999 -9999 -9999 -9999 -9999 -9999 -9999 -9999 -9999 -9999 -9999 -9999 -9999 -9999 -9999 -9999 -9999 -9999
-9999 -9999 -9999 -9999 -9999 -9999 -9999 -9999 -9999 -9999 -9999 -9999 -9999 -9999 -9999 -9999 -9999 -9999 -9999 -9999 -9999 -9999 -9999 -9999 -9999 -9999 -9999 -9999 -9999 -9999 -9999 -9999 -9999 -9999 -9999 -9999 -9999 -9999 -9999 -9999 -9999 -9999 -9999 -9999 -9999 -9999 -9999 -9999 -9999 -9999 -9999 -9999 -9999 -9999 -9999 -9999 -9999 -9999 -9999 -9999 -9999 -9999 -9999 -9999 -9999 -9999 -9999 -9999 -9999 -9999 -9999 -9999 -9999 -9999 -9999 -9999 -9999 -9999 -9999 -9999 -9999 -9999 -9999 -9999 -9999 -9999 -9999 -9999 -9999 -9999 -9999 -9999 -9999 -9999 -9999
-9999 -9999 -9999 -9999 -9999 -9999 -9999 -9999 -9999 -9999 -9999 -9999 -9999 -9999 -9999 -9999 -9999 -9999 -9999 -9999 -9999 -9999 -9999 -9999 -9999 -9999 -9999 -9999 -9999 -9999 -9999 -9999 -9999 -9999 -9999 -9999 -9999 -9999 -9999 -9999 -9999 -9999 -9999 -9999 -9999 -9999 -9999 -9999 -9999 -9999 -9999 -9999 -9999 -9999 -9999 -9999 -9999 -9999 -9999 -9999 -9999 -9999 -9999 -9999 -9999 -9999 -9999 -9999 -9999 -9999 -9999 -9999 -9999 -9999 -9999 -9999 -9999 -9999 -9999 -9999 -9999 -9999 -9999 -9999 -9999 -9999 -9999 -9999 -9999 -9999 -9999 -9999 -9999 -9999 195
-9999 -9999 -9999 -9999 -9999 -9999 -9999 -9999 -9999 -9999 -9999 -9999 -9999 -9999 -9999 -9999 -9999 -9999 -9999 -9999 -9999 -9999 -9999 -9999 -9999 -9999 -9999 -9999 -9999 -9999 -9999 -9999 -9999 -9999 -9999 -9999 -9999 -9999 -9999 -9999 -9999 -9999 -9999 -9999 -9999 -9999 -9999 -9999 -9999 -9999 -9999 -9999 -9999 -9999 -9999 -9999 -9999 -9999 -9999 -9999 -9999 -9999 -9999 -9999 -9999 -9999 -9999 -9999 -9999 -9999 -9999 -9999 -9999 -9999 -9999 -9999 -9999 -9999 -9999 -9999 -9999 -9999 -9999 -9999 -9999 -9999 -9999 -9999 -9999 -9999 -9999 -9999 -9999 144 187
-9999 -9999 -9999 -9999 -9999 -9999 -9999 -9999 -9999 -9999 -9999 -9999 -9999 -9999 -9999 -9999 -9999 -9999 -9999 -9999 -9999 -9999 -9999 -9999 -9999 -9999 -9999 -9999 -9999 -9999 -9999 -9999 -9999 -9999 -9999 -9999 -9999 -9999 -9999 -9999 -9999 -9999 -9999 -9999 -9999 -9999 -9999 -9999 -9999 -9999 -9999 -9999 -9999 -9999 -9999 -9999 -9999 -9999 -9999 -9999 -9999 -9999 -9999 -9999 -9999 -9999 -9999 -9999 -9999 -9999 -9999 -9999 -9999 -9999 -9999 -9999 -9999 -9999 -9999 -9999 -9999 -9999 -9999 -9999 -9999 -9999 -9999 -9999 -9999 -9999 -9999 -9999 128 115 116
-9999 -9999 -9999 -9999 -9999 -9999 -9999 -9999 -9999 -9999 -9999 -9999 -9999 -9999 -9999 -9999 -9999 -9999 -9999 -9999 -9999 -9999 -9999 -9999 -9999 -9999 -9999 -9999 -9999 -9999 -9999 -9999 -9999 -9999 -9999 -9999 -9999 -9999 -9999 -9999 -9999 -9999 -9999 -9999 -9999 -9999 -9999 -9999 -9999 -9999 -9999 -9999 -9999 -9999 -9999 -9999 -9999 -9999 -9999 -9999 -9999 -9999 -9999 -9999 -9999 -9999 -9999 -9999 -9999 -9999 -9999 -9999 -9999 -9999 -9999 -9999 -9999 -9999 -9999 -9999 -9999 -9999 -9999 -9999 -9999 -9999 -9999 -9999 -9999 -9999 -9999 102 122 115 106
-9999 -9999 -9999 -9999 -9999 -9999 -9999 -9999 -9999 -9999 -9999 -9999 -9999 -9999 -9999 -9999 -9999 -9999 -9999 -9999 -9999 -9999 -9999 -9999 -9999 -9999 -9999 -9999 -9999 -9999 -9999 -9999 -9999 -9999 -9999 -9999 -9999 -9999 -9999 -9999 -9999 -9999 -9999 -9999 -9999 -9999 -9999 -9999 -9999 -9999 -9999 -9999 -9999 -9999 -9999 -9999 -9999 -9999 -9999 -9999 -9999 -9999 -9999 -9999 -9999 -9999 -9999 -9999 -9999 -9999 -9999 -9999 -9999 -9999 -9999 202 133 149 -9999 -9999 -9999 -9999 -9999 -9999 -9999 -9999 -9999 -9999 -9999 -9999 77 79 74 85 69
-9999 -9999 -9999 -9999 -9999 -9999 -9999 -9999 -9999 -9999 -9999 -9999 -9999 -9999 -9999 -9999 -9999 -9999 -9999 -9999 -9999 -9999 -9999 -9999 -9999 -9999 -9999 -9999 -9999 -9999 -9999 -9999 -9999 -9999 -9999 -9999 175 138 108 -9999 -9999 -9999 -9999 -9999 -9999 -9999 -9999 -9999 -9999 66 122 -9999 -9999 -9999 -9999 -9999 -9999 -9999 -9999 -9999 -9999 -9999 -9999 -9999 -9999 -9999 -9999 -9999 -9999 -9999 -9999 -9999 -9999 215 164 173 121 135 144 130 -9999 -9999 -9999 -9999 -9999 -9999 -9999 -9999 -9999 148 69 66 63 47 52
-9999 -9999 -9999 -9999 -9999 -9999 -9999 -9999 -9999 -9999 -9999 -9999 -9999 -9999 -9999 -9999 -9999 -9999 -9999 -9999 -9999 -9999 -9999 -9999 -9999 -9999 -9999 -9999 -9999 -9999 -9999 -9999 -9999 -9999 174 147 127 98 77 103 -9999 -9999 -9999 -9999 -9999 -9999 -9999 -9999 56 35 84 108 -9999 -9999 -9999 -9999 -9999 -9999 -9999 -9999 -9999 -9999 -9999 -9999 -9999 177 172 212 201 174 155 171 202 186 151 175 127 112 143 117 103 145 218 225 243 234 209 292 221 150 60 59 51 35 33
-9999 -9999 -9999 -9999 -9999 -9999 -9999 -9999 -9999 -9999 -9999 -9999 -9999 -9999 -9999 -9999 -9999 -9999 -9999 -9999 -9999 -9999 -9999 -9999 -9999 -9999 -9999 -9999 -9999 -9999 -9999 -9999 -9999 91 97 86 66 61 60 86 117 139 -9999 -9999 -9999 -9999 25 6 15 13 35 51 -9999 -9999 -9999 -9999 -9999 -9999 -9999 -9999 -9999 -9999 199 171 177 167 157 158 185 176 140 185 175 155 128 131 121 121 93 107 133 146 203 232 228 216 197 156 179 126 40 52 37 30 12
-9999 -9999 -9999 -9999 -9999 -9999 -9999 -9999 -9999 -9999 -9999 -9999 -9999 -9999 -9999 -9999 -9999 -9999 -9999 -9999 -9999 -9999 -9999 -9999 -9999 -9999 -9999 -9999 -9999 -9999 -9999 62 66 76 71 69 56 49 60 124 148 126 84 -9999 57 32 17 2 5 12 28 39 41 -9999 -9999 -9999 -9999 -9999 -9999 -9999 224 179 168 162 206 185 163 132 148 138 136 189 160 166 142 115 95 104 83 116 111 131 165 187 177 165 158 110 141 152 28 32 27 28 24
-9999 -9999 -9999 -9999 -9999 -9999 -9999 -9999 -9999 -9999 -9999 -9999 -9999 -9999 -9999 -9999 -9999 -9999 -9999 -9999 -9999 -9999 -9999 -9999 -9999 -9999 -9999 -9999 -9999 -9999 50 50 52 68 57 56 45 45 67 108 116 110 73 55 47 21 13 11 9 30 21 25 32 -9999 -9999 -9999 -9999 -9999 -9999 175 213 186 147 175 217 143 142 121 117 109 129 170 143 113 114 104 91 81 72 94 113 161 151 144 127 116 110 97 105 148 41 16 12 25 36
-9999 -9999 -9999 -9999 -9999 -9999 -9999 -9999 -9999 -9999 -9999 -9999 -9999 -9999 -9999 -9999 -9999 -9999 -9999 -9999 -9999 -9999 -9999 -9999 -9999 -9999 -9999 -9999 -9999 -9999 29 31 31 40 37 36 34 28 35 39 46 49 57 48 40 36 30 28 11 17 23 32 33 42 59 66 -9999 -9999 -9999 164 202 190 130 134 158 136 99 116 135 94 87 90 84 78 95 89 108 80 66 116 167 216 232 211 160 136 81 83 72 57 16 11 9 20 26
-9999 -9999 -9999 -9999 -9999 -9999 -9999 -9999 -9999 -9999 -9999 -9999 -9999 -9999 -9999 -9999 -9999 -9999 -9999 -9999 -9999 -9999 -9999 -9999 -9999 -9999 -9999 -9999 -9999 48 19 20 24 36 30 24 23 23 23 44 60 58 64 56 60 49 30 22 40 18 25 63 59 44 52 74 92 -9999 -9999 180 168 179 127 115 118 106 97 104 109 86 104 73 70 75 112 88 70 59 58 128 178 229 207 192 120 88 75 68 58 39 25 34 28 29 42
-9999 -9999 -9999 -9999 -9999 -9999 -9999 -9999 -9999 -9999 -9999 -9999 -9999 -9999 -9999 -9999 -9999 -9999 -9999 -9999 -9999 -9999 -9999 -9999 -9999 -9999 -9999 -9999 -9999 -9999 -9999 13 15 25 24 18 12 14 20 39 50 62 71 73 63 45 38 29 29 19 35 28 30 40 42 53 91 142 175 185 145 136 128 112 98 86 78 77 78 93 91 67 54 65 77 86 54 49 63 144 180 220 156 141 96 75 78 41 33 33 20 23 47 50 49
-9999 -9999 -9999 -9999 -9999 -9999 -9999 -9999 -9999 -9999 -9999 -9999 -9999 -9999 -9999 -9999 -9999 -9999 -9999 -9999 -9999 -9999 -9999 -9999 -9999 -9999 -9999 -9999 -9999 -9999 -9999 4 16 8 3 8 10 17 21 44 48 56 99 80 71 46 42 26 15 8 20 14 17 28 47 75 89 128 159 218 217 186 110 98 94 73 70 59 55 56 79 79 63 40 36 42 32 39 59 81 123 147 107 87 69 60 51 51 83 142 62 61 55 111 104
-9999 -9999 -9999 -9999 -9999 -9999 -9999 -9999 -9999 -9999 -9999 -9999 -9999 -9999 -9999 -9999 -9999 -9999 -9999 -9999 -9999 -9999 -9999 -9999 -9999 -9999 -9999 -9999 -9999 -9999 7 10 22 13 10 13 20 24 27 38 41 48 99 78 64 52 45 17 8 2 8 7 14 28 47 75 85 93 133 208 193 173 120 95 93 88 81 55 44 45 61 72 41 23 22 22 31 42 50 71 84 99 89 83 62 58 53 59 112 202 81 66 79 83 115
-9999 -9999 -9999 -9999 -9999 -9999 -9999 -9999 -9999 -9999 -9999 -9999 -9999 -9999 -9999 -9999 -9999 -9999 -9999 -9999 -9999 -9999 -9999 -9999 -9999 -9999 -9999 -9999 -9999 -9999 11 15 24 26 17 17 28 31 36 57 55 65 120 91 55 62 43 14 9 3 4 6 13 49 39 46 69 77 115 198 169 146 110 98 110 95 85 59 54 58 30 34 22 11 10 15 35 45 69 98 82 89 76 72 76 70 69 66 109 136 92 71 69 72 92
-9999 -9999 -9999 -9999 -9999 -9999 -9999 -9999 -9999 -9999 -9999 -9999 -9999 -9999 -9999 -9999 -9999 -9999 -9999 -9999 -9999 -9999 -9999 -9999 -9999 -9999 -9999 -9999 -9999 29 18 24 30 45 36 31 34 44 52 57 66 93 83 61 41 21 16 26 24 19 26 26 36 110 88 73 58 69 89 97 112 143 119 157 148 151 124 103 74 67 61 37 24 1 5 13 24 30 43 68 55 54 81 96 95 93 92 82 107 122 127 114 103 106 96
-9999 -9999 -9999 -9999 -9999 -9999 -9999 -9999 -9999 -9999 -9999 -9999 -9999 -9999 -9999 -9999 -9999 -9999 -9999 -9999 -9999 -9999 -9999 -9999 -9999 -9999 -9999 -9999 41 32 24 28 38 47 40 38 39 43 49 68 65 74 50 43 31 7 11 33 34 26 49 41 42 84 91 89 59 66 74 92 95 104 122 152 179 139 141 112 82 81 56 49 28 9 7 13 25 29 35 46 50 55 87 118 98 97 94 108 137 169 172 141 136 138 116
-9999 -9999 -9999 -9999 -9999 -9999 -9999 -9999 -9999 -9999 -9999 -9999 -9999 -9999 -9999 -9999 -9999 -9999 -9999 -9999 -9999 -9999 -9999 -9999 -9999 -9999 -9999 -9999 42 25 31 32 27 36 45 64 66 67 59 79 96 83 67 52 80 85 42 72 47 43 55 81 113 91 76 72 94 69 73 120 127 132 119 152 127 151 150 110 117 120 73 44 28 36 20 31 44 48 54 53 83 85 149 151 115 98 87 112 134 179 222 213 185 161 169
-9999 -9999 -9999 -9999 -9999 -9999 -9999 -9999 -9999 -9999 -9999 -9999 -9999 -9999 -9999 -9999 -9999 -9999 -9999 -9999 -9999 -9999 -9999 -9999 -9999 -9999 -9999 44 36 21 22 20 21 39 55 61 95 78 71 82 96 95 80 77 124 97 59 63 62 66 57 97 150 143 110 74 99 66 79 134 114 96 96 116 98 125 146 117 127 142 78 42 35 44 24 47 47 60 87 61 62 79 102 149 129 82 80 111 145 171 222 228 207 197 187
-9999 -9999 -9999 -9999 -9999 -9999 -9999 -9999 -9999 -9999 -9999 -9999 -9999 -9999 -9999 -9999 -9999 -9999 -9999 -9999 -9999 -9999 -9999 -9999 -9999 -9999 -9999 28 22 14 14 11 19 37 48 52 85 81 85 89 94 99 107 101 150 109 81 91 95 72 99 126 175 163 111 75 85 60 68 115 116 99 74 93 83 119 118 129 104 102 107 69 41 34 25 38 53 58 77 74 80 70 86 112 122 80 80 109 120 134 172 196 212 206 196
-9999 -9999 -9999 -9999 -9999 -9999 -9999 -9999 -9999 -9999 -9999 -9999 -9999 -9999 -9999 -9999 -9999 -9999 -9999 -9999 -9999 -9999 -9999 -9999 -9999 -9999 -9999 16 9 2 8 15 25 36 37 38 55 67 76 94 86 83 138 188 221 197 180 151 99 79 164 202 230 168 107 76 52 57 54 77 86 68 68 61 66 87 109 86 92 103 64 48 47 37 18 20 39 52 64 77 98 123 74 63 62 66 70 103 116 126 142 152 165 195 200
-9999 -9999 -9999 -9999 -9999 -9999 -9999 -9999 -9999 -9999 -9999 -9999 -9999 -9999 -9999 -9999 -9999 -9999 -9999 -9999 -9999 -9999 -9999 -9999 -9999 -9999 -9999 33 15 3 7 14 33 54 48 45 49 57 69 88 78 83 169 218 270 248 231 159 108 86 145 182 200 137 112 72 46 41 48 63 65 55 60 55 80 109 95 73 82 78 54 61 46 21 12 13 33 45 56 72 87 93 82 68 56 68 74 94 117 144 185 199 210 220 192
-9999 -9999 -9999 -9999 -9999 -9999 -9999 -9999 -9999 -9999 -9999 -9999 -9999 -9999 -9999 -9999 -9999 -9999 -9999 -9999 -9999 -9999 -9999 -9999 -9999 -9999 -9999 -9999 25 6 11 31 37 52 59 73 75 62 62 69 74 95 202 251 303 284 269 175 129 104 113 146 163 95 84 69 42 39 46 59 57 48 45 43 85 102 74 58 62 73 74 93 77 22 7 6 27 40 47 63 89 96 76 60 51 55 63 83 97 139 224 225 217 187 175
-9999 -9999 -9999 -9999 -9999 -9999 -9999 -9999 -9999 -9999 -9999 -9999 -9999 -9999 -9999 -9999 -9999 -9999 -9999 -9999 -9999 -9999 -9999 -9999 -9999 -9999 -9999 -9999 -9999 19 13 16 22 36 51 66 85 96 95 92 97 150 214 232 211 190 187 183 135 146 133 107 107 105 96 69 40 28 35 40 35 38 39 36 40 39 51 68 76 99 80 95 71 34 12 7 18 26 36 48 56 62 57 38 35 50 60 80 99 149 178 205 217 168 136
-9999 -9999 -9999 -9999 -9999 -9999 -9999 -9999 -9999 -9999 -9999 -9999 -9999 -9999 -9999 -9999 -9999 -9999 -9999 -9999 -9999 -9999 -9999 -9999 -9999 -9999 -9999 -9999 -9999 30 28 21 27 54 42 46 59 69 89 125 134 177 198 203 174 157 145 141 118 130 98 85 82 95 68 55 38 28 34 26 25 27 23 25 37 54 54 72 82 92 71 67 54 30 29 13 30 31 26 40 48 50 43 43 26 49 53 63 84 127 144 155 168 118 109
-9999 -9999 -9999 -9999 -9999 -9999 -9999 -9999 -9999 -9999 -9999 -9999 -9999 -9999 -9999 -9999 -9999 -9999 -9999 -9999 -9999 -9999 -9999 -9999 -9999 -9999 -9999 -9999 -9999 28 34 25 29 63 48 56 78 67 71 125 158 210 246 211 187 187 176 122 108 95 83 79 73 74 57 43 27 21 19 16 15 14 15 20 45 59 69 76 87 104 76 67 49 57 48 20 43 41 29 32 36 36 29 26 22 40 56 60 78 92 114 110 122 97 109
-9999 -9999 -9999 -9999 -9999 -9999 -9999 -9999 -9999 -9999 -9999 -9999 -9999 -9999 -9999 -9999 -9999 -9999 -9999 -9999 -9999 -9999 -9999 -9999 -9999 -9999 -9999 -9999 -9999 37 44 36 36 48 58 69 101 108 97 93 144 139 196 247 273 222 168 154 146 110 85 78 70 85 68 61 35 24 17 5 1 1 14 31 48 60 68 92 96 107 84 76 96 54 39 32 33 37 24 8 5 13 14 7 22 31 45 65 84 89 107 83 83 144 156
-9999 -9999 -9999 -9999 -9999 -9999 -9999 -9999 -9999 -9999 -9999 -9999 -9999 -9999 -9999 -9999 -9999 -9999 -9999 -9999 -9999 -9999 -9999 -9999 -9999 -9999 -9999 -9999 46 46 49 48 47 54 61 70 99 108 108 93 103 112 186 249 301 249 197 137 121 133 96 93 88 67 54 58 25 18 13 3 2 3 17 22 42 50 60 83 104 106 95 79 75 61 46 33 46 47 30 15 15 17 11 5 14 25 30 48 75 82 85 75 88 137 131
-9999 -9999 -9999 -9999 -9999 -9999 -9999 -9999 -9999 -9999 -9999 -9999 -9999 -9999 -9999 -9999 -9999 -9999 -9999 -9999 -9999 -9999 -9999 -9999 -9999 -9999 -9999 -9999 51 55 52 61 50 46 56 69 93 99 119 103 102 107 186 243 319 256 185 163 134 173 107 99 101 58 44 38 29 45 23 12 13 7 21 28 50 58 66 87 95 92 96 75 72 54 46 39 53 44 36 26 32 22 16 14 20 43 35 40 49 54 65 101 97 114 127
-9999 -9999 -9999 -9999 -9999 -9999 -9999 -9999 -9999 -9999 -9999 -9999 -9999 -9999 -9999 -9999 -9999 -9999 -9999 -9999 -9999 -9999 -9999 -9999 -9999 -9999 -9999 72 63 65 72 70 58 66 59 60 88 113 124 135 118 123 198 226 240 249 205 158 205 205 110 90 82 61 50 71 54 43 38 28 28 18 35 40 45 56 65 74 84 94 90 80 77 60 54 46 66 66 47 45 38 38 22 29 35 53 58 74 75 95 83 103 109 124 167
-9999 -9999 -9999 -9999 -9999 -9999 -9999 -9999 -9999 -9999 -9999 -9999 -9999 -9999 -9999 -9999 -9999 -9999 -9999 -9999 -9999 -9999 -9999 -9999 -9999 -9999 -9999 77 77 70 81 72 66 80 66 70 104 130 140 139 122 142 215 184 195 195 200 130 150 168 116 103 76 62 60 60 48 42 35 51 34 23 35 46 50 58 67 82 94 96 89 86 68 52 43 40 57 58 55 57 49 60 30 39 44 59 67 107 95 87 91 86 96 122 176
-9999 -9999 -9999 -9999 -9999 -9999 -9999 -9999 -9999 -9999 -9999 -9999 -9999 -9999 -9999 -9999 -9999 -9999 -9999 -9999 -9999 -9999 -9999 -9999 -9999 -9999 130 98 95 90 90 101 85 77 76 86 121 128 143 154 151 135 178 211 143 126 132 113 109 101 91 83 81 79 93 85 74 61 57 58 63 50 36 41 67 70 77 87 87 81 78 69 56 45 40 45 61 68 65 78 76 60 42 51 59 83 84 94 89 87 89 97 102 126 114
-9999 -9999 -9999 -9999 -9999 -9999 -9999 -9999 -9999 -9999 -9999 -9999 -9999 -9999 -9999 -9999 -9999 -9999 -9999 -9999 -9999 -9999 -9999 -9999 -9999 -9999 -9999 109 108 96 96 104 90 81 83 93 115 121 142 148 149 144 160 180 131 140 181 168 141 109 91 86 88 105 100 88 77 71 68 72 63 62 39 49 54 62 75 77 76 73 72 62 62 40 30 35 44 54 67 74 80 64 55 61 71 94 102 98 84 75 77 95 132 174 151
-9999 -9999 -9999 -9999 -9999 -9999 -9999 -9999 -9999 -9999 -9999 -9999 -9999 -9999 -9999 -9999 -9999 -9999 -9999 -9999 -9999 -9999 -9999 -9999 -9999 -9999 143 121 108 101 104 120 94 84 85 92 106 124 147 130 143 154 150 156 150 188 219 192 156 125 113 114 103 131 109 107 87 79 78 73 62 53 43 59 55 59 65 66 70 67 61 56 45 39 28 28 47 61 67 65 73 73 57 71 81 101 99 74 67 60 78 123 161 209 193
-9999 -9999 -9999 -9999 -9999 -9999 -9999 -9999 -9999 -9999 -9999 -9999 -9999 -9999 -9999 -9999 -9999 -9999 -9999 -9999 -9999 -9999 -9999 -9999 -9999 -9999 -9999 -9999 114 103 79 84 110 115 106 110 107 116 143 137 141 154 173 158 209 241 229 157 132 130 163 175 160 96 92 110 96 130 142 88 78 71 52 56 71 74 67 52 51 57 50 41 36 24 15 12 27 34 43 66 78 84 68 76 80 90 82 68 56 47 57 83 113 116 144
-9999 -9999 -9999 -9999 -9999 -9999 -9999 -9999 -9999 -9999 -9999 -9999 -9999 -9999 -9999 -9999 -9999 -9999 -9999 -9999 -9999 -9999 -9999 -9999 -9999 -9999 -9999 -9999 98 98 -9999 -9999 98 106 99 112 116 124 131 148 155 158 176 166 185 193 179 156 171 174 146 159 153 129 108 86 93 130 151 93 83 78 58 73 69 71 67 55 46 48 58 50 49 13 4 9 27 32 41 75 85 73 82 81 82 100 83 58 54 46 59 72 69 88 109
