Analysis/inputs/010_cycling_al_dhappq_asaq_2y/input/uga_travel.asc
ncols         121
nrows         127
xllcorner     118236.49319105
yllcorner     -163800.7987251
cellsize      5000
NODATA_value  -9999
[rows 42 to 83 of 127, columns 0 to 94 of 121]
-9999 -9999 -9999 -9999 -9999 -9999 -9999 -9999 -9999 -9999 -9999 -9999 -9999 -9999 -9999 -9999 -9999 -9999 -9999 -9999 -9999 -9999 -9999 -9999 -9999 -9999 -9999 -9999 -9999 83 -9999 -9999 -9999 87 91 103 122 127 130 140 146 152 183 181 178 177 172 206 228 205 165 176 157 132 120 103 76 88 112 111 84 90 68 81 81 74 71 53 43 36 50 41 35 14 8 10 29 43 47 70 70 66 94 91 93 89 69 57 46 37 49 45 43 72 79
-9999 -9999 -9999 -9999 -9999 -9999 -9999 -9999 -9999 -9999 -9999 -9999 -9999 -9999 -9999 -9999 -9999 -9999 -9999 -9999 -9999 -9999 -9999 -9999 -9999 -9999 -9999 -9999 -9999 -9999 -9999 -9999 -9999 -9999 58 65 104 120 119 133 153 154 159 155 158 176 210 230 245 266 251 196 166 173 135 122 103 88 73 65 62 69 76 84 77 67 59 47 47 34 24 22 13 2 2 9 26 33 42 48 51 70 77 81 89 74 54 33 22 21 27 31 51 47 59
-9999 -9999 -9999 -9999 -9999 -9999 -9999 -9999 -9999 -9999 -9999 -9999 -9999 -9999 -9999 -9999 -9999 -9999 -9999 -9999 -9999 -9999 -9999 -9999 -9999 -9999 -9999 -9999 -9999 -9999 -9999 -9999 -9999 -9999 -9999 -9999 -9999 109 116 146 158 143 142 134 155 183 209 205 247 272 202 178 174 141 128 117 95 77 65 48 56 63 83 93 74 64 58 56 46 40 34 24 13 1 2 8 23 27 33 49 57 67 69 76 83 66 52 27 15 15 18 33 50 44 53
-9999 -9999 -9999 -9999 -9999 -9999 -9999 -9999 -9999 -9999 -9999 -9999 -9999 -9999 -9999 -9999 -9999 -9999 -9999 -9999 -9999 -9999 -9999 -9999 -9999 -9999 -9999 -9999 -9999 -9999 -9999 -9999 -9999 -9999 -9999 -9999 -9999 114 120 -9999 158 123 120 126 143 168 189 181 213 213 208 195 211 153 137 142 95 82 71 45 55 72 77 82 75 71 66 51 48 48 34 23 17 1 4 13 26 31 42 55 63 89 82 87 84 67 51 25 13 5 22 29 32 43 50
-9999 -9999 -9999 -9999 -9999 -9999 -9999 -9999 -9999 -9999 -9999 -9999 -9999 -9999 -9999 -9999 -9999 -9999 -9999 -9999 -9999 -9999 -9999 -9999 -9999 -9999 -9999 -9999 -9999 -9999 -9999 -9999 -9999 -9999 -9999 -9999 -9999 -9999 -9999 -9999 118 98 111 119 140 177 199 141 161 179 211 195 215 231 180 128 65 72 57 44 63 73 105 97 94 86 73 55 56 59 40 31 23 19 13 20 36 41 57 69 87 74 82 78 77 62 52 27 20 15 22 27 29 39 30
-9999 -9999 -9999 -9999 -9999 -9999 -9999 -9999 -9999 -9999 -9999 -9999 -9999 -9999 -9999 -9999 -9999 -9999 -9999 -9999 -9999 -9999 -9999 -9999 -9999 -9999 -9999 -9999 -9999 -9999 -9999 -9999 -9999 -9999 -9999 -9999 -9999 -9999 -9999 -9999 113 90 106 108 132 170 204 131 163 216 247 208 231 232 183 132 57 47 35 42 58 67 91 103 100 92 73 64 64 61 37 28 24 25 19 23 32 46 52 72 91 82 76 71 69 69 51 34 29 21 28 31 23 20 17
-9999 -9999 -9999 -9999 -9999 -9999 -9999 -9999 -9999 -9999 -9999 -9999 -9999 -9999 -9999 -9999 -9999 -9999 -9999 -9999 -9999 -9999 -9999 -9999 -9999 -9999 -9999 -9999 -9999 -9999 -9999 -9999 -9999 -9999 -9999 -9999 -9999 -9999 -9999 -9999 103 85 100 97 118 152 192 121 158 220 241 225 253 206 162 127 69 56 31 41 50 62 91 103 92 80 83 72 70 60 37 41 37 35 28 25 37 45 63 84 90 91 86 73 61 55 46 35 24 22 17 18 21 7 5
-9999 -9999 -9999 -9999 -9999 -9999 -9999 -9999 -9999 -9999 -9999 -9999 -9999 -9999 -9999 -9999 -9999 -9999 -9999 -9999 -9999 -9999 -9999 -9999 -9999 -9999 -9999 -9999 -9999 -9999 -9999 -9999 -9999 -9999 -9999 -9999 -9999 -9999 -9999 -9999 103 91 73 80 151 191 187 103 138 191 226 215 217 141 102 60 22 16 15 37 49 62 93 101 102 92 90 82 72 59 58 60 56 54 45 36 52 73 68 88 94 83 77 68 60 53 43 38 27 18 3 11 20 22 28
-9999 -9999 -9999 -9999 -9999 -9999 -9999 -9999 -9999 -9999 -9999 -9999 -9999 -9999 -9999 -9999 -9999 -9999 -9999 -9999 -9999 -9999 -9999 -9999 -9999 -9999 -9999 -9999 -9999 -9999 -9999 -9999 -9999 -9999 -9999 -9999 -9999 -9999 -9999 -9999 101 114 65 83 134 183 172 92 140 183 174 163 164 113 68 37 13 9 11 36 47 63 88 105 102 92 86 78 76 66 64 68 64 55 50 43 49 51 60 85 83 87 69 66 68 71 54 40 32 21 10 14 18 38 39
-9999 -9999 -9999 -9999 -9999 -9999 -9999 -9999 -9999 -9999 -9999 -9999 -9999 -9999 -9999 -9999 -9999 -9999 -9999 -9999 -9999 -9999 -9999 -9999 -9999 -9999 -9999 -9999 -9999 -9999 -9999 -9999 -9999 -9999 -9999 -9999 -9999 -9999 -9999 -9999 63 52 67 95 178 217 184 81 128 82 66 57 57 53 33 21 9 13 19 38 48 73 102 100 117 112 103 89 82 78 73 79 75 66 61 50 102 68 64 74 75 79 63 56 57 46 38 40 34 33 25 32 30 50 55
-9999 -9999 -9999 -9999 -9999 -9999 -9999 -9999 -9999 -9999 -9999 -9999 -9999 -9999 -9999 -9999 -9999 -9999 -9999 -9999 -9999 -9999 -9999 -9999 -9999 -9999 -9999 -9999 -9999 -9999 -9999 -9999 -9999 -9999 -9999 -9999 -9999 -9999 -9999 -9999 51 42 71 114 216 260 198 70 74 52 37 32 36 24 20 13 24 22 29 43 56 78 99 111 127 121 114 97 89 83 92 97 86 68 66 72 111 86 99 74 76 79 65 62 61 40 36 39 30 30 29 34 29 41 47
-9999 -9999 -9999 -9999 -9999 -9999 -9999 -9999 -9999 -9999 -9999 -9999 -9999 -9999 -9999 -9999 -9999 -9999 -9999 -9999 -9999 -9999 -9999 -9999 -9999 -9999 -9999 -9999 -9999 -9999 -9999 -9999 -9999 -9999 -9999 -9999 -9999 -9999 70 52 38 41 92 144 309 314 186 49 51 47 25 26 26 14 10 12 33 35 40 50 66 89 102 117 131 128 125 108 97 96 107 115 107 94 84 91 110 94 90 89 81 81 68 59 54 42 36 28 26 21 20 21 29 42 49
-9999 -9999 -9999 -9999 -9999 -9999 -9999 -9999 -9999 -9999 -9999 -9999 -9999 -9999 -9999 -9999 -9999 -9999 -9999 -9999 -9999 -9999 -9999 -9999 -9999 -9999 -9999 -9999 -9999 -9999 -9999 -9999 -9999 -9999 -9999 -9999 -9999 -9999 57 32 24 37 89 211 333 202 64 28 28 29 11 5 14 12 6 11 46 55 58 71 81 99 100 111 141 149 151 138 123 154 154 159 148 143 148 154 138 117 103 89 82 77 73 63 55 67 52 19 12 11 11 13 19 58 79
-9999 -9999 -9999 -9999 -9999 -9999 -9999 -9999 -9999 -9999 -9999 -9999 -9999 -9999 -9999 -9999 -9999 -9999 -9999 -9999 -9999 -9999 -9999 -9999 -9999 -9999 -9999 -9999 -9999 -9999 -9999 -9999 -9999 -9999 -9999 -9999 -9999 -9999 40 52 17 27 80 175 244 176 56 17 17 26 20 17 23 23 13 17 52 49 59 72 84 129 102 108 134 152 155 136 136 167 173 193 149 157 167 160 146 121 133 88 90 86 85 66 60 46 33 17 9 4 7 2 13 35 57
-9999 -9999 -9999 -9999 -9999 -9999 -9999 -9999 -9999 -9999 -9999 -9999 -9999 -9999 -9999 -9999 -9999 -9999 -9999 -9999 -9999 -9999 -9999 -9999 -9999 -9999 -9999 -9999 -9999 -9999 -9999 -9999 -9999 -9999 -9999 -9999 -9999 61 50 17 9 38 45 110 153 122 59 6 10 26 27 31 48 22 16 19 40 44 53 68 79 117 95 108 150 152 161 172 164 174 186 183 160 163 170 167 157 141 138 98 101 92 73 74 65 66 39 21 13 5 3 6 11 26 32
-9999 -9999 -9999 -9999 -9999 -9999 -9999 -9999 -9999 -9999 -9999 -9999 -9999 -9999 -9999 -9999 -9999 -9999 -9999 -9999 -9999 -9999 -9999 -9999 -9999 -9999 -9999 -9999 -9999 -9999 -9999 -9999 -9999 -9999 -9999 -9999 88 51 26 10 32 58 48 44 27 20 16 8 10 10 30 46 56 48 40 28 59 88 97 89 102 110 146 164 155 171 196 191 203 202 190 183 180 170 165 154 157 179 187 129 118 125 101 98 84 87 65 31 18 16 19 19 25 33 34
-9999 -9999 -9999 -9999 -9999 -9999 -9999 -9999 -9999 -9999 -9999 -9999 -9999 -9999 -9999 -9999 -9999 -9999 -9999 -9999 -9999 -9999 -9999 -9999 -9999 -9999 -9999 -9999 -9999 -9999 -9999 -9999 -9999 -9999 -9999 110 75 35 24 20 29 47 55 42 34 27 24 18 20 20 23 29 45 64 42 35 66 80 86 106 111 142 272 233 175 -9999 203 227 212 214 191 185 183 172 162 162 186 229 206 160 124 108 83 87 74 55 43 31 36 28 26 29 65 39 32
-9999 -9999 -9999 -9999 -9999 -9999 -9999 -9999 -9999 -9999 -9999 -9999 -9999 -9999 -9999 -9999 -9999 -9999 -9999 -9999 -9999 -9999 -9999 -9999 -9999 -9999 -9999 -9999 -9999 -9999 -9999 -9999 121 91 90 95 51 43 32 31 38 55 63 56 37 27 23 32 36 41 38 38 35 51 45 38 84 100 87 122 110 130 244 173 188 -9999 264 232 216 209 203 205 212 174 173 175 191 191 -9999 151 141 115 98 74 66 60 54 30 33 26 49 46 83 49 42
-9999 -9999 -9999 -9999 -9999 -9999 -9999 -9999 -9999 -9999 -9999 -9999 -9999 -9999 -9999 -9999 -9999 -9999 -9999 -9999 -9999 -9999 -9999 -9999 -9999 -9999 -9999 -9999 -9999 -9999 130 127 118 92 81 78 70 54 49 40 66 69 62 51 40 45 46 54 58 58 60 57 56 66 53 46 53 66 76 112 101 113 124 131 149 176 201 215 218 215 235 224 219 -9999 -9999 205 166 -9999 129 122 102 95 80 75 69 53 43 47 40 43 56 84 79 55 46
-9999 -9999 -9999 -9999 -9999 -9999 -9999 -9999 -9999 -9999 -9999 -9999 -9999 -9999 -9999 -9999 -9999 -9999 -9999 -9999 -9999 -9999 -9999 -9999 -9999 -9999 -9999 -9999 -9999 -9999 126 115 106 99 110 89 91 80 57 52 60 64 59 57 54 58 57 68 71 71 76 73 70 68 56 54 59 66 85 96 93 112 120 127 154 164 187 216 228 247 -9999 -9999 -9999 -9999 -9999 -9999 -9999 144 129 121 119 108 98 96 81 54 51 53 43 46 70 80 67 44 38
-9999 -9999 -9999 -9999 -9999 -9999 -9999 -9999 -9999 -9999 -9999 -9999 -9999 -9999 -9999 -9999 -9999 -9999 -9999 -9999 -9999 -9999 -9999 -9999 -9999 -9999 -9999 -9999 167 149 122 132 107 104 117 120 84 74 60 48 55 68 71 68 62 68 72 80 79 80 90 107 86 72 69 68 67 66 77 91 90 101 114 133 152 165 172 -9999 -9999 -9999 212 208 -9999 192 201 187 -9999 -9999 -9999 158 133 112 87 83 68 61 67 58 57 59 73 79 72 46 41
-9999 -9999 -9999 -9999 -9999 -9999 -9999 -9999 -9999 -9999 -9999 -9999 -9999 -9999 -9999 -9999 -9999 -9999 -9999 -9999 -9999 -9999 -9999 -9999 -9999 -9999 -9999 -9999 188 198 131 109 131 150 95 92 87 74 68 66 62 82 93 95 97 92 96 103 113 124 121 138 168 95 116 156 106 94 87 92 93 89 111 125 135 140 165 186 182 190 209 183 176 169 157 151 147 143 -9999 138 146 124 143 130 103 150 131 84 116 126 100 74 62 67 67
-9999 -9999 -9999 -9999 -9999 -9999 -9999 -9999 -9999 -9999 -9999 -9999 -9999 -9999 -9999 -9999 -9999 -9999 -9999 -9999 -9999 -9999 -9999 -9999 -9999 -9999 -9999 194 197 151 124 105 154 188 88 84 77 74 74 78 71 81 88 101 128 106 112 121 120 144 115 135 158 111 103 144 164 123 111 108 109 104 100 105 123 140 164 189 168 178 217 186 169 173 160 146 131 136 136 -9999 -9999 -9999 -9999 131 156 193 117 97 128 192 99 110 81 71 61
-9999 -9999 -9999 -9999 -9999 -9999 -9999 -9999 -9999 -9999 -9999 -9999 -9999 -9999 -9999 -9999 -9999 -9999 -9999 -9999 -9999 -9999 -9999 -9999 -9999 -9999 132 123 111 105 169 105 146 73 65 75 89 97 89 98 98 82 82 92 122 175 200 193 162 146 192 177 159 123 126 139 253 235 212 150 152 160 127 114 116 135 144 160 161 176 206 213 167 197 165 145 126 124 123 137 141 136 106 113 187 197 168 152 199 147 126 99 94 90 90
-9999 -9999 -9999 -9999 -9999 -9999 -9999 -9999 -9999 -9999 -9999 -9999 -9999 -9999 -9999 -9999 -9999 -9999 -9999 -9999 -9999 -9999 -9999 -9999 -9999 119 117 103 96 97 94 78 100 57 66 81 107 113 100 110 107 91 92 88 127 168 173 174 185 158 220 211 182 137 140 180 245 194 174 171 192 192 135 136 125 145 152 177 170 167 163 184 162 155 164 174 122 110 107 104 106 119 89 85 97 144 154 170 153 133 110 104 102 88 78
-9999 -9999 -9999 -9999 -9999 -9999 -9999 -9999 -9999 -9999 -9999 -9999 -9999 -9999 -9999 -9999 -9999 -9999 -9999 -9999 -9999 -9999 -9999 -9999 -9999 135 115 100 103 88 118 76 61 61 70 81 126 130 109 115 107 111 116 98 105 129 171 149 158 160 178 186 186 153 149 183 204 201 175 156 200 179 156 130 116 134 148 176 166 180 153 177 162 149 164 150 129 105 100 93 104 96 80 77 93 126 120 199 176 149 110 97 90 82 76
-9999 -9999 -9999 -9999 -9999 -9999 -9999 -9999 -9999 -9999 -9999 -9999 -9999 -9999 -9999 -9999 -9999 210 190 143 121 -9999 -9999 -9999 156 97 73 105 86 63 108 66 40 76 82 95 119 118 120 124 135 125 122 119 107 113 138 154 176 177 174 171 208 167 163 186 251 210 176 175 138 147 114 111 104 120 143 148 157 153 148 161 155 132 146 128 109 86 78 77 73 71 68 77 83 90 102 121 127 129 101 91 77 69 61
-9999 -9999 -9999 -9999 -9999 -9999 -9999 -9999 -9999 -9999 -9999 -9999 -9999 -9999 -9999 203 154 153 143 133 119 -9999 -9999 88 117 87 66 61 50 42 42 39 48 114 98 93 99 113 122 137 141 139 148 138 112 117 136 152 171 197 178 173 195 179 175 183 254 209 182 203 163 146 127 120 104 115 122 156 153 153 141 168 146 123 127 111 87 78 69 67 64 59 63 68 74 81 110 107 111 116 109 93 78 75 70
-9999 -9999 -9999 -9999 -9999 -9999 -9999 -9999 -9999 -9999 -9999 -9999 -9999 -9999 -9999 161 143 185 175 166 124 43 -9999 80 70 88 74 43 40 33 29 39 47 68 78 84 104 122 130 145 149 158 150 138 117 118 124 156 178 200 185 181 185 192 183 185 202 211 192 224 229 193 129 118 96 103 114 154 142 148 138 163 143 120 119 112 76 67 59 60 54 49 59 58 60 73 97 98 101 108 97 86 71 63 58
-9999 -9999 -9999 -9999 -9999 -9999 -9999 -9999 -9999 -9999 -9999 -9999 -9999 -9999 -9999 158 106 155 142 95 53 27 15 45 49 59 47 26 17 16 30 40 49 60 64 72 97 120 123 124 135 131 138 145 135 146 139 141 156 179 166 161 176 189 196 168 152 171 158 167 148 140 113 108 84 99 113 122 135 124 136 157 130 106 98 79 62 52 43 41 35 36 32 35 40 69 66 74 83 101 83 89 68 49 45
-9999 -9999 -9999 -9999 -9999 -9999 -9999 -9999 -9999 -9999 -9999 -9999 -9999 -9999 138 114 88 116 94 62 51 71 23 28 39 53 57 15 9 13 35 42 45 64 74 77 106 108 119 115 132 121 129 137 137 138 145 139 141 149 153 173 189 156 205 180 145 144 142 201 174 129 105 100 78 94 99 109 116 110 128 155 123 106 94 79 56 47 39 34 31 25 23 24 32 59 55 67 73 82 73 78 70 58 51
-9999 -9999 -9999 -9999 -9999 -9999 -9999 -9999 -9999 -9999 -9999 -9999 -9999 -9999 78 75 74 78 60 65 86 63 32 40 36 40 46 3 12 20 33 38 53 77 86 80 104 100 122 103 133 114 120 122 124 130 142 147 134 143 154 149 158 143 171 211 162 128 132 157 149 122 99 89 72 83 95 98 110 103 117 137 113 99 93 88 58 45 36 23 20 17 16 17 30 50 44 60 64 67 62 68 65 76 73
-9999 -9999 -9999 -9999 -9999 -9999 -9999 -9999 -9999 -9999 -9999 -9999 -9999 58 51 56 57 79 137 114 95 116 130 130 103 33 20 17 24 36 30 36 50 76 97 92 87 86 79 76 81 103 113 98 115 123 122 138 138 130 117 124 123 135 130 138 149 155 118 114 100 95 81 76 61 63 68 85 90 98 126 139 113 91 91 80 56 47 41 28 23 17 16 16 21 45 45 54 63 52 64 58 51 70 73
-9999 -9999 -9999 -9999 -9999 -9999 -9999 -9999 -9999 -9999 338 276 224 47 38 59 85 122 73 85 117 105 110 108 137 42 30 35 78 73 43 42 47 80 94 115 88 81 73 62 70 92 97 96 94 113 118 137 141 133 115 111 111 122 122 117 122 147 149 97 92 88 75 69 56 57 65 79 82 93 121 138 112 81 86 78 55 45 44 36 30 28 27 26 30 52 54 51 59 46 48 42 47 77 74
-9999 -9999 -9999 -9999 -9999 -9999 -9999 -9999 -9999 323 224 138 98 105 54 34 103 138 59 112 189 99 96 99 91 44 23 44 95 156 67 55 47 75 103 97 94 70 64 55 76 78 76 76 91 103 108 128 134 136 124 111 106 111 112 110 114 125 129 94 107 94 81 78 53 52 60 71 80 90 112 90 99 77 80 78 54 53 50 44 41 34 29 33 40 43 42 49 47 38 36 38 51 76 74
-9999 -9999 -9999 -9999 -9999 -9999 -9999 -9999 -9999 154 76 85 80 85 28 26 38 46 45 56 87 73 84 77 36 31 40 57 67 94 98 79 75 67 73 85 79 86 85 48 52 54 53 54 83 100 127 113 117 123 125 115 108 92 94 94 103 111 133 80 86 86 78 65 49 40 44 63 73 80 86 69 67 65 66 64 58 52 46 43 46 47 43 38 33 42 30 33 32 26 37 45 53 59 74
-9999 -9999 -9999 -9999 -9999 -9999 -9999 -9999 -9999 92 68 71 128 36 19 13 28 23 40 38 49 69 72 72 36 42 60 83 86 97 121 148 138 87 81 89 79 95 69 36 53 42 40 46 72 82 87 107 113 119 120 119 105 89 87 89 89 100 92 69 73 72 70 63 43 36 40 56 67 80 67 61 63 65 55 57 52 43 40 38 43 41 41 33 27 31 23 23 23 17 35 39 41 51 66
-9999 -9999 -9999 -9999 -9999 -9999 -9999 -9999 -9999 75 111 80 148 13 6 1 3 9 29 31 38 42 46 54 54 79 116 120 107 93 107 113 144 121 97 88 79 62 46 26 20 26 33 42 53 67 88 105 104 108 105 113 115 94 80 77 80 84 81 62 63 62 62 57 41 31 35 50 61 67 63 56 55 60 49 47 47 40 33 34 34 36 39 33 25 21 17 18 16 16 22 27 33 43 64
-9999 -9999 -9999 -9999 -9999 -9999 -9999 -9999 -9999 92 264 165 80 16 8 7 9 13 102 39 49 66 57 54 57 68 84 155 150 131 102 102 104 90 78 78 94 69 48 23 13 27 32 40 50 61 72 84 95 103 101 107 110 97 86 84 65 60 65 61 55 45 41 46 30 23 24 45 51 53 45 43 41 60 57 50 30 29 24 21 21 24 28 27 28 12 3 4 8 5 3 9 12 19 26
-9999 -9999 -9999 -9999 -9999 -9999 -9999 -9999 -9999 168 521 330 175 18 12 15 14 40 213 118 87 78 69 61 64 68 71 120 134 110 85 97 109 81 71 73 72 85 36 14 5 20 23 33 44 53 63 77 87 93 97 106 101 91 82 78 66 58 52 52 56 51 33 34 29 18 22 39 40 44 39 36 36 57 57 52 24 24 18 13 18 17 24 19 21 5 3 8 13 10 11 14 5 9 19
-9999 -9999 -9999 -9999 -9999 -9999 -9999 -9999 -9999 733 734 420 90 26 32 42 23 54 338 379 266 109 86 75 83 94 124 178 116 87 72 71 67 62 94 61 40 31 23 15 14 15 16 21 30 39 53 68 70 77 82 92 98 96 90 88 75 63 64 42 37 35 38 30 13 7 12 18 22 21 19 23 30 41 51 133 23 16 9 1 5 7 4 7 6 14 22 26 30 26 33 25 16 5 7
-9999 -9999 -9999 -9999 -9999 -9999 -9999 -9999 -9999 600 621 264 58 29 36 47 30 35 229 335 303 102 92 97 94 134 185 188 114 90 112 85 59 51 46 36 27 30 21 23 23 37 29 20 32 34 53 62 58 71 78 84 93 93 87 79 68 70 69 46 36 28 32 29 7 2 6 8 10 13 14 19 26 30 35 105 65 32 16 2 3 1 1 6 14 18 19 34 40 34 39 32 22 14 14
