Analysis/inputs/010_cycling_al_dhappq_asaq_2y/input/uga_travel.asc
ncols         121
nrows         127
xllcorner     118236.49319105
yllcorner     -163800.7987251
cellsize      5000
NODATA_value  -9999
[rows 84 to 125 of 127, columns 0 to 94 of 121]
-9999 -9999 -9999 -9999 -9999 -9999 -9999 -9999 403 454 506 245 77 36 38 49 44 69 121 188 182 98 92 108 104 139 209 196 120 100 107 109 68 58 55 49 36 39 26 33 36 61 39 33 43 41 50 51 54 60 71 75 84 87 79 75 73 73 67 50 39 28 20 18 9 2 4 1 6 14 12 13 21 21 30 37 64 36 28 2 0 0 14 17 23 31 28 34 39 41 46 37 31 25 25
-9999 -9999 -9999 -9999 -9999 -9999 -9999 123 131 285 95 92 59 41 37 46 67 119 50 55 64 76 91 103 136 135 144 217 141 116 113 85 95 76 78 68 45 44 47 57 72 66 99 78 69 73 69 64 72 80 96 121 174 85 76 66 57 51 48 36 34 34 23 18 2 0 0 0 0 1 1 2 5 4 1 1 7 13 9 9 6 4 35 64 74 59 61 51 55 62 62 59 54 46 45
-9999 -9999 -9999 -9999 -9999 -9999 -9999 106 126 128 65 49 49 33 36 50 84 100 58 62 77 88 110 112 134 163 196 206 141 123 99 100 105 86 95 71 54 58 65 65 77 89 95 76 69 108 87 75 81 95 163 151 157 108 83 74 63 56 54 40 30 26 18 16 3 0 0 0 0 1 0 1 5 9 4 5 11 17 18 17 12 11 36 74 79 71 70 67 63 70 71 64 52 38 35
-9999 -9999 -9999 -9999 -9999 -9999 -9999 111 178 361 139 46 32 26 34 106 92 199 65 64 75 99 129 125 136 186 259 192 138 121 120 106 114 97 96 91 74 83 81 94 89 111 88 90 83 95 94 84 96 108 172 154 118 89 85 87 71 66 62 45 39 31 17 10 2 0 0 0 0 5 5 4 13 17 14 15 18 24 28 29 27 30 64 80 100 92 78 73 74 84 80 66 60 28 23
-9999 -9999 -9999 -9999 -9999 -9999 439 183 74 124 51 38 17 32 41 97 99 208 82 79 89 118 125 135 210 265 311 277 232 181 138 131 128 136 103 80 92 98 97 116 123 116 168 144 99 97 112 111 146 161 121 109 104 98 97 92 73 61 49 40 32 24 11 7 4 1 0 0 17 33 28 17 13 26 29 35 40 41 58 64 65 93 89 104 132 126 109 92 105 97 78 65 58 25 4
-9999 -9999 -9999 -9999 -9999 -9999 665 212 91 48 19 16 8 29 47 81 85 123 89 84 115 111 123 140 182 190 208 183 176 153 150 135 136 105 94 86 91 98 110 121 128 151 185 155 122 112 108 141 152 146 123 112 115 96 85 79 82 60 55 51 33 23 21 19 12 3 0 1 16 29 29 22 24 40 36 41 47 56 69 74 98 98 85 117 149 132 117 127 108 111 93 -9999 58 40 6
-9999 -9999 -9999 -9999 -9999 -9999 624 205 124 81 5 1 9 60 125 169 79 83 94 87 97 123 123 134 155 175 179 184 165 156 148 139 127 106 94 85 103 124 135 183 156 158 161 147 138 130 124 127 137 147 124 112 103 93 93 78 68 77 63 37 31 28 29 26 12 4 3 16 29 41 70 31 35 52 52 47 61 68 83 99 128 126 97 123 -9999 -9999 128 151 134 125 -9999 100 71 34 14
-9999 -9999 -9999 -9999 136 311 368 34 24 53 11 18 61 191 250 209 121 97 99 100 112 124 135 160 151 163 160 178 161 147 140 136 132 111 105 101 141 138 168 146 135 155 152 158 150 146 158 140 134 141 132 122 116 96 88 84 67 70 48 54 67 55 34 19 18 2 4 22 52 55 54 57 54 81 71 62 80 122 138 184 185 -9999 185 179 191 -9999 168 169 180 197 -9999 -9999 -9999 93 79
-9999 -9999 -9999 81 41 124 129 8 19 34 17 59 93 171 190 144 106 98 102 109 109 128 134 140 168 163 172 187 168 140 153 141 140 112 109 105 120 133 141 142 123 150 150 134 129 140 160 136 126 146 142 130 118 102 90 78 59 57 67 67 85 71 39 15 1 2 12 35 57 62 -9999 -9999 -9999 84 86 76 106 130 154 -9999 -9999 188 213 221 -9999 -9999 190 192 -9999 -9999 -9999 -9999 -9999 108 120
-9999 -9999 -9999 12 8 30 30 12 28 47 36 114 140 -9999 -9999 115 86 90 97 107 114 125 132 145 171 155 153 140 134 144 160 150 149 121 120 116 113 121 132 127 115 150 156 138 126 121 124 112 121 147 139 126 118 93 84 73 63 85 85 100 78 62 36 13 6 16 26 44 -9999 -9999 -9999 107 109 -9999 108 94 121 134 155 -9999 -9999 211 268 240 -9999 -9999 212 -9999 -9999 187 153 -9999 -9999 -9999 -9999
-9999 -9999 -9999 -9999 11 19 25 63 60 38 43 52 85 100 -9999 72 68 74 89 100 108 119 131 141 135 131 127 156 144 146 173 162 167 142 137 135 134 122 123 116 118 94 94 102 76 85 88 94 90 90 110 128 133 95 79 78 99 118 138 151 128 72 65 35 -9999 -9999 -9999 -9999 82 100 176 212 153 148 157 142 -9999 -9999 -9999 -9999 -9999 -9999 -9999 -9999 -9999 -9999 -9999 -9999 -9999 -9999 198 177 -9999 -9999 -9999
-9999 -9999 -9999 48 15 28 55 103 75 46 46 56 69 72 62 56 61 74 89 96 102 122 133 133 122 118 112 127 132 147 164 161 173 150 148 159 142 139 121 102 91 80 79 84 70 74 81 87 80 80 82 99 140 86 89 109 95 104 115 127 106 -9999 -9999 -9999 -9999 -9999 -9999 -9999 -9999 104 194 193 189 -9999 -9999 -9999 -9999 -9999 -9999 242 265 -9999 -9999 -9999 -9999 -9999 -9999 -9999 -9999 -9999 207 -9999 -9999 -9999 -9999
-9999 -9999 -9999 67 70 48 36 63 57 58 38 56 79 44 46 48 64 75 83 91 111 107 110 109 101 104 106 109 110 124 137 138 140 157 148 141 126 123 118 111 98 83 75 65 57 56 54 66 58 61 71 72 94 108 111 116 -9999 -9999 147 -9999 -9999 -9999 -9999 -9999 -9999 -9999 -9999 131 144 168 257 261 230 -9999 -9999 -9999 -9999 -9999 -9999 -9999 -9999 303 -9999 -9999 -9999 -9999 -9999 -9999 -9999 -9999 255 261 255 -9999 -9999
-9999 -9999 -9999 -9999 72 62 60 51 56 57 35 32 41 34 28 48 69 72 94 94 93 99 101 100 93 94 100 97 102 115 126 125 136 150 149 135 117 111 112 97 90 78 71 64 49 44 44 48 47 48 59 64 109 -9999 -9999 -9999 -9999 -9999 -9999 173 160 -9999 -9999 -9999 -9999 -9999 -9999 -9999 -9999 170 209 232 -9999 -9999 -9999 -9999 -9999 -9999 -9999 -9999 -9999 311 -9999 -9999 -9999 -9999 -9999 -9999 -9999 -9999 -9999 292 282 249 -9999
-9999 -9999 -9999 -9999 -9999 90 72 62 71 71 60 26 18 7 18 98 144 102 90 99 90 89 97 95 85 86 97 91 94 104 113 120 133 141 139 132 108 107 100 86 82 72 61 61 50 38 35 42 34 37 50 60 125 108 -9999 -9999 -9999 -9999 -9999 177 184 174 -9999 -9999 -9999 -9999 -9999 -9999 -9999 -9999 -9999 -9999 -9999 -9999 -9999 -9999 -9999 -9999 -9999 -9999 313 -9999 -9999 -9999 -9999 -9999 -9999 -9999 -9999 -9999 -9999 -9999 -9999 -9999 -9999
-9999 -9999 -9999 -9999 -9999 -9999 102 79 57 81 53 30 24 83 195 219 141 126 102 108 103 73 78 73 66 71 73 100 108 109 121 118 114 125 120 116 100 86 86 68 67 50 42 47 45 34 29 18 13 19 34 75 126 97 76 77 101 109 114 -9999 163 176 215 193 195 -9999 212 217 -9999 -9999 -9999 -9999 -9999 -9999 -9999 -9999 -9999 -9999 -9999 -9999 -9999 -9999 -9999 -9999 -9999 -9999 -9999 -9999 -9999 -9999 -9999 -9999 -9999 -9999 -9999
-9999 -9999 -9999 -9999 -9999 -9999 88 65 84 131 52 35 32 197 328 185 127 116 112 101 90 67 67 67 59 79 80 102 110 107 124 122 106 113 108 111 99 99 93 74 70 47 40 36 37 27 21 13 5 8 29 34 50 74 51 66 121 108 115 152 144 -9999 209 211 -9999 -9999 -9999 -9999 -9999 -9999 -9999 -9999 -9999 -9999 -9999 -9999 -9999 -9999 351 -9999 -9999 -9999 -9999 -9999 -9999 -9999 -9999 -9999 -9999 -9999 -9999 -9999 -9999 -9999 -9999
-9999 -9999 -9999 -9999 -9999 -9999 88 120 168 239 177 77 47 249 395 144 121 116 110 103 92 63 58 61 56 70 83 96 99 99 113 117 106 103 101 103 96 117 84 73 63 51 40 33 27 18 15 5 1 3 19 22 39 46 54 68 131 108 118 129 123 173 213 225 242 251 254 273 -9999 -9999 295 -9999 -9999 -9999 -9999 -9999 -9999 -9999 -9999 -9999 -9999 -9999 -9999 -9999 -9999 -9999 -9999 -9999 -9999 -9999 -9999 -9999 -9999 -9999 -9999
-9999 -9999 -9999 -9999 135 171 153 243 381 397 206 77 49 104 160 172 103 103 87 75 67 47 47 49 46 56 56 89 73 82 89 82 85 83 83 83 72 71 66 59 52 40 33 31 28 19 14 10 11 18 31 53 88 77 -9999 -9999 -9999 -9999 150 158 157 199 218 245 293 330 338 -9999 -9999 -9999 -9999 -9999 -9999 -9999 -9999 -9999 -9999 -9999 -9999 -9999 -9999 -9999 -9999 -9999 -9999 -9999 -9999 -9999 -9999 -9999 -9999 -9999 -9999 -9999 -9999
-9999 -9999 -9999 155 118 135 119 264 314 234 214 89 52 68 82 110 91 90 81 68 59 41 47 46 43 45 44 77 69 88 84 75 83 75 75 79 84 82 72 55 49 43 40 38 35 24 19 23 26 30 59 114 141 98 -9999 -9999 -9999 158 183 179 154 191 264 237 304 384 349 -9999 -9999 -9999 -9999 -9999 -9999 -9999 -9999 -9999 -9999 -9999 -9999 -9999 -9999 -9999 -9999 -9999 -9999 -9999 -9999 -9999 -9999 -9999 -9999 -9999 -9999 -9999 -9999
-9999 -9999 233 201 110 95 107 292 251 123 176 87 58 78 83 90 82 75 69 70 70 43 35 40 32 38 37 52 56 74 81 77 72 71 81 90 93 92 78 65 61 52 48 41 46 38 22 30 35 36 66 134 -9999 -9999 -9999 -9999 -9999 174 191 167 162 194 263 -9999 319 382 -9999 -9999 -9999 -9999 -9999 -9999 -9999 -9999 -9999 -9999 -9999 -9999 -9999 -9999 -9999 -9999 -9999 -9999 -9999 -9999 -9999 -9999 -9999 -9999 -9999 -9999 -9999 -9999 -9999
-9999 -9999 158 152 104 127 233 163 107 97 73 67 65 73 68 65 63 57 52 62 47 34 26 26 27 18 20 32 35 44 72 70 66 84 86 90 94 99 93 83 73 59 54 56 43 32 33 45 56 71 76 -9999 -9999 -9999 -9999 -9999 -9999 202 245 219 229 285 -9999 -9999 328 350 -9999 -9999 -9999 -9999 -9999 -9999 -9999 -9999 -9999 -9999 -9999 -9999 -9999 -9999 -9999 -9999 -9999 -9999 -9999 -9999 -9999 -9999 -9999 -9999 -9999 -9999 -9999 -9999 -9999
-9999 -9999 139 120 112 155 269 199 120 102 83 75 69 67 63 59 49 45 43 45 32 26 22 25 15 15 23 42 55 56 75 87 72 85 78 77 91 96 94 83 75 67 63 62 50 38 41 57 63 72 94 -9999 -9999 -9999 -9999 -9999 -9999 220 246 242 247 -9999 -9999 -9999 -9999 -9999 -9999 -9999 -9999 -9999 -9999 -9999 -9999 -9999 -9999 -9999 -9999 -9999 -9999 -9999 -9999 -9999 -9999 -9999 -9999 -9999 -9999 -9999 -9999 -9999 -9999 -9999 -9999 -9999 -9999
-9999 -9999 128 114 131 148 186 145 116 104 91 78 78 70 69 63 50 42 33 31 25 18 17 8 4 16 24 69 75 70 65 76 77 85 73 76 90 105 99 88 85 75 71 66 51 49 52 60 68 86 -9999 -9999 -9999 -9999 -9999 -9999 -9999 -9999 252 262 267 270 312 -9999 -9999 -9999 -9999 -9999 -9999 -9999 -9999 -9999 -9999 -9999 -9999 -9999 -9999 -9999 -9999 -9999 -9999 -9999 -9999 -9999 -9999 -9999 -9999 -9999 -9999 -9999 -9999 -9999 -9999 -9999 -9999
-9999 -9999 124 134 163 158 145 166 126 117 99 103 91 77 71 67 65 56 46 34 29 16 13 7 7 13 18 50 59 79 77 75 87 68 63 77 110 139 107 91 86 72 65 56 60 72 75 76 87 86 -9999 -9999 -9999 -9999 -9999 -9999 -9999 -9999 -9999 -9999 311 333 340 -9999 -9999 -9999 -9999 -9999 -9999 -9999 -9999 -9999 -9999 -9999 -9999 -9999 -9999 -9999 -9999 -9999 -9999 -9999 -9999 -9999 -9999 -9999 -9999 -9999 -9999 -9999 -9999 -9999 -9999 -9999 -9999
-9999 147 137 140 164 172 162 139 134 122 107 99 94 84 81 79 75 63 45 39 36 23 21 14 12 20 27 63 80 71 67 79 75 48 49 57 77 121 116 94 90 71 67 62 67 75 83 86 94 108 -9999 -9999 -9999 -9999 -9999 -9999 -9999 -9999 319 -9999 -9999 344 -9999 -9999 -9999 -9999 -9999 -9999 -9999 -9999 -9999 -9999 -9999 -9999 -9999 -9999 -9999 -9999 -9999 -9999 -9999 -9999 -9999 -9999 -9999 -9999 -9999 -9999 -9999 -9999 -9999 -9999 -9999 -9999 -9999
-9999 155 150 151 145 142 150 132 138 135 121 117 108 92 88 76 58 53 60 56 49 38 33 26 32 37 30 52 57 71 2 10 16 42 61 75 97 104 98 98 90 85 74 71 88 92 119 146 121 -9999 -9999 -9999 -9999 -9999 -9999 -9999 -9999 -9999 -9999 -9999 377 382 -9999 -9999 -9999 -9999 -9999 -9999 -9999 -9999 -9999 -9999 -9999 -9999 -9999 -9999 -9999 -9999 -9999 -9999 -9999 -9999 -9999 -9999 -9999 -9999 -9999 -9999 -9999 -9999 -9999 -9999 -9999 -9999 -9999
-9999 163 141 148 138 133 136 124 126 131 126 122 113 92 86 83 63 66 68 63 51 50 39 33 40 62 46 43 51 46 2 5 21 50 80 72 77 89 87 96 93 82 77 78 97 105 123 159 -9999 148 -9999 -9999 -9999 -9999 -9999 -9999 -9999 -9999 -9999 -9999 -9999 -9999 -9999 -9999 -9999 -9999 -9999 -9999 -9999 -9999 -9999 -9999 -9999 -9999 -9999 -9999 -9999 -9999 -9999 -9999 -9999 -9999 -9999 -9999 -9999 -9999 -9999 -9999 -9999 -9999 -9999 -9999 -9999 -9999 -9999
-9999 145 137 131 124 126 131 117 119 120 124 111 104 92 80 72 75 78 91 75 68 65 68 40 44 59 55 37 39 27 12 14 21 63 58 56 79 81 76 93 98 89 84 80 102 124 158 166 -9999 -9999 -9999 -9999 -9999 -9999 -9999 -9999 -9999 -9999 -9999 -9999 -9999 -9999 -9999 -9999 -9999 -9999 -9999 -9999 -9999 -9999 -9999 -9999 -9999 -9999 -9999 -9999 -9999 -9999 -9999 -9999 -9999 -9999 -9999 -9999 -9999 -9999 -9999 -9999 -9999 -9999 -9999 -9999 -9999 -9999 -9999
-9999 124 144 133 105 104 103 106 101 100 134 119 106 89 86 77 89 100 94 85 90 85 77 57 51 57 59 49 47 48 46 32 34 46 44 51 58 70 81 92 99 91 92 97 100 128 169 140 142 156 -9999 -9999 -9999 -9999 -9999 -9999 -9999 -9999 -9999 -9999 -9999 -9999 -9999 -9999 -9999 -9999 -9999 -9999 -9999 -9999 -9999 -9999 -9999 -9999 -9999 -9999 -9999 -9999 -9999 -9999 -9999 -9999 -9999 -9999 -9999 -9999 -9999 -9999 -9999 -9999 -9999 -9999 -9999 -9999 -9999
-9999 114 122 152 102 102 88 102 92 96 103 101 115 82 74 74 90 96 100 96 94 88 87 67 62 69 63 59 54 65 68 46 45 52 56 65 60 65 73 85 91 97 101 109 125 112 119 129 143 -9999 -9999 -9999 -9999 -9999 -9999 -9999 -9999 -9999 -9999 -9999 -9999 -9999 -9999 -9999 -9999 -9999 -9999 -9999 -9999 -9999 -9999 -9999 -9999 -9999 -9999 -9999 -9999 -9999 -9999 -9999 -9999 -9999 -9999 -9999 -9999 -9999 -9999 -9999 -9999 -9999 -9999 -9999 -9999 -9999 -9999
121 112 105 156 149 108 93 76 84 76 84 88 91 70 69 80 98 95 109 104 96 97 86 74 72 74 65 71 68 64 71 53 56 64 69 80 67 76 72 86 94 110 119 125 129 146 147 139 151 146 -9999 -9999 -9999 -9999 -9999 -9999 -9999 -9999 -9999 -9999 -9999 -9999 -9999 -9999 -9999 -9999 -9999 -9999 -9999 -9999 -9999 -9999 -9999 -9999 -9999 -9999 -9999 -9999 -9999 -9999 -9999 -9999 -9999 -9999 -9999 -9999 -9999 -9999 -9999 -9999 -9999 -9999 -9999 -9999 -9999
203 265 232 142 96 85 61 61 58 61 64 67 71 57 69 90 86 96 93 98 107 108 98 92 103 -9999 -9999 -9999 -9999 -9999 -9999 -9999 -9999 -9999 -9999 -9999 -9999 -9999 -9999 -9999 -9999 -9999 -9999 -9999 -9999 -9999 -9999 -9999 -9999 -9999 -9999 -9999 -9999 -9999 -9999 -9999 -9999 -9999 -9999 -9999 -9999 -9999 -9999 -9999 -9999 -9999 -9999 -9999 -9999 -9999 -9999 -9999 -9999 -9999 -9999 -9999 -9999 -9999 -9999 -9999 -9999 -9999 -9999 -9999 -9999 -9999 -9999 -9999 -9999 -9999 -9999 -9999 -9999 -9999 -9999
200 170 314 299 69 65 57 52 50 50 57 57 60 53 67 80 96 108 104 -9999 -9999 124 120 118 -9999 -9999 -9999 -9999 -9999 -9999 -9999 -9999 -9999 -9999 -9999 -9999 -9999 -9999 -9999 -9999 -9999 -9999 -9999 -9999 -9999 -9999 -9999 -9999 -9999 -9999 -9999 -9999 -9999 -9999 -9999 -9999 -9999 -9999 -9999 -9999 -9999 -9999 -9999 -9999 -9999 -9999 -9999 -9999 -9999 -9999 -9999 -9999 -9999 -9999 -9999 -9999 -9999 -9999 -9999 -9999 -9999 -9999 -9999 -9999 -9999 -9999 -9999 -9999 -9999 -9999 -9999 -9999 -9999 -9999 -9999
120 126 194 246 111 54 39 39 49 50 43 48 52 50 60 69 95 -9999 -9999 -9999 -9999 -9999 -9999 -9999 -9999 -9999 -9999 -9999 -9999 -9999 -9999 -9999 -9999 -9999 -9999 -9999 -9999 -9999 -9999 -9999 -9999 -9999 -9999 -9999 -9999 -9999 -9999 -9999 -9999 -9999 -9999 -9999 -9999 -9999 -9999 -9999 -9999 -9999 -9999 -9999 -9999 -9999 -9999 -9999 -9999 -9999 -9999 -9999 -9999 -9999 -9999 -9999 -9999 -9999 -9999 -9999 -9999 -9999 -9999 -9999 -9999 -9999 -9999 -9999 -9999 -9999 -9999 -9999 -9999 -9999 -9999 -9999 -9999 -9999 -9999
130 98 85 80 49 40 31 18 19 26 27 28 33 53 56 65 -9999 -9999 -9999 -9999 -9999 -9999 -9999 -9999 -9999 -9999 -9999 -9999 -9999 -9999 -9999 -9999 -9999 -9999 -9999 -9999 -9999 -9999 -9999 -9999 -9999 -9999 -9999 -9999 -9999 -9999 -9999 -9999 -9999 -9999 -9999 -9999 -9999 -9999 -9999 -9999 -9999 -9999 -9999 -9999 -9999 -9999 -9999 -9999 -9999 -9999 -9999 -9999 -9999 -9999 -9999 -9999 -9999 -9999 -9999 -9999 -9999 -9999 -9999 -9999 -9999 -9999 -9999 -9999 -9999 -9999 -9999 -9999 -9999 -9999 -9999 -9999 -9999 -9999 -9999
114 97 85 69 48 42 33 19 14 14 19 26 30 48 59 72 -9999 -9999 -9999 -9999 -9999 -9999 -9999 -9999 -9999 -9999 -9999 -9999 -9999 -9999 -9999 -9999 -9999 -9999 -9999 -9999 -9999 -9999 -9999 -9999 -9999 -9999 -9999 -9999 -9999 -9999 -9999 -9999 -9999 -9999 -9999 -9999 -9999 -9999 -9999 -9999 -9999 -9999 -9999 -9999 -9999 -9999 -9999 -9999 -9999 -9999 -9999 -9999 -9999 -9999 -9999 -9999 -9999 -9999 -9999 -9999 -9999 -9999 -9999 -9999 -9999 -9999 -9999 -9999 -9999 -9999 -9999 -9999 -9999 -9999 -9999 -9999 -9999 -9999 -9999
-9999 91 95 70 53 41 39 14 6 8 25 25 26 44 54 -9999 -9999 -9999 -9999 -9999 -9999 -9999 -9999 -9999 -9999 -9999 -9999 -9999 -9999 -9999 -9999 -9999 -9999 -9999 -9999 -9999 -9999 -9999 -9999 -9999 -9999 -9999 -9999 -9999 -9999 -9999 -9999 -9999 -9999 -9999 -9999 -9999 -9999 -9999 -9999 -9999 -9999 -9999 -9999 -9999 -9999 -9999 -9999 -9999 -9999 -9999 -9999 -9999 -9999 -9999 -9999 -9999 -9999 -9999 -9999 -9999 -9999 -9999 -9999 -9999 -9999 -9999 -9999 -9999 -9999 -9999 -9999 -9999 -9999 -9999 -9999 -9999 -9999 -9999 -9999
-9999 73 64 59 56 81 46 29 8 3 20 26 37 -9999 -9999 -9999 -9999 -9999 -9999 -9999 -9999 -9999 -9999 -9999 -9999 -9999 -9999 -9999 -9999 -9999 -9999 -9999 -9999 -9999 -9999 -9999 -9999 -9999 -9999 -9999 -9999 -9999 -9999 -9999 -9999 -9999 -9999 -9999 -9999 -9999 -9999 -9999 -9999 -9999 -9999 -9999 -9999 -9999 -9999 -9999 -9999 -9999 -9999 -9999 -9999 -9999 -9999 -9999 -9999 -9999 -9999 -9999 -9999 -9999 -9999 -9999 -9999 -9999 -9999 -9999 -9999 -9999 -9999 -9999 -9999 -9999 -9999 -9999 -9999 -9999 -9999 -9999 -9999 -9999 -9999
-9999 76 69 64 65 88 57 28 13 8 18 28 36 -9999 -9999 -9999 -9999 -9999 -9999 -9999 -9999 -9999 -9999 -9999 -9999 -9999 -9999 -9999 -9999 -9999 -9999 -9999 -9999 -9999 -9999 -9999 -9999 -9999 -9999 -9999 -9999 -9999 -9999 -9999 -9999 -9999 -9999 -9999 -9999 -9999 -9999 -9999 -9999 -9999 -9999 -9999 -9999 -9999 -9999 -9999 -9999 -9999 -9999 -9999 -9999 -9999 -9999 -9999 -9999 -9999 -9999 -9999 -9999 -9999 -9999 -9999 -9999 -9999 -9999 -9999 -9999 -9999 -9999 -9999 -9999 -9999 -9999 -9999 -9999 -9999 -9999 -9999 -9999 -9999 -9999
-9999 100 107 -9999 -9999 -9999 -9999 51 24 17 27 58 -9999 -9999 -9999 -9999 -9999 -9999 -9999 -9999 -9999 -9999 -9999 -9999 -9999 -9999 -9999 -9999 -9999 -9999 -9999 -9999 -9999 -9999 -9999 -9999 -9999 -9999 -9999 -9999 -9999 -9999 -9999 -9999 -9999 -9999 -9999 -9999 -9999 -9999 -9999 -9999 -9999 -9999 -9999 -9999 -9999 -9999 -9999 -9999 -9999 -9999 -9999 -9999 -9999 -9999 -9999 -9999 -9999 -9999 -9999 -9999 -9999 -9999 -9999 -9999 -9999 -9999 -9999 -9999 -9999 -9999 -9999 -9999 -9999 -9999 -9999 -9999 -9999 -9999 -9999 -9999 -9999 -9999 -9999
-9999 -9999 -9999 -9999 -9999 -9999 -9999 59 31 25 41 -9999 -9999 -9999 -9999 -9999 -9999 -9999 -9999 -9999 -9999 -9999 -9999 -9999 -9999 -9999 -9999 -9999 -9999 -9999 -9999 -9999 -9999 -9999 -9999 -9999 -9999 -9999 -9999 -9999 -9999 -9999 -9999 -9999 -9999 -9999 -9999 -9999 -9999 -9999 -9999 -9999 -9999 -9999 -9999 -9999 -9999 -9999 -9999 -9999 -9999 -9999 -9999 -9999 -9999 -9999 -9999 -9999 -9999 -9999 -9999 -9999 -9999 -9999 -9999 -9999 -9999 -9999 -9999 -9999 -9999 -9999 -9999 -9999 -9999 -9999 -9999 -9999 -9999 -9999 -9999 -9999 -9999 -9999 -9999
