GIS/uga_beta.asc
ncols         121
nrows         127
xllcorner     118236.49319105
yllcorner     -163800.7987251
cellsize      5000
NODATA_value  -9999
[rows 34 to 67 of 127, columns 0 to 77 of 121]
-9999 -9999 -9999 -9999 -9999 -9999 -9999 -9999 -9999 -9999 -9999 -9999 -9999 -9999 -9999 -9999 -9999 -9999 -9999 -9999 -9999 -9999 -9999 -9999 -9999 -9999 -9999 -9999 0.1775 0.175 0.205 0.23 0.185 0.19 0.155 0.155 0.19 0.18 0.14 0.18 0.1575 0.175 0.085 0.12 0.13 0.1225 0.1275 0.125 0.1225 0.12 0.1 0.13 0.13 0.13 0.1 0.11 0.12 0.1125 0.12 0.1 0.12 0.12 0.075 0.085 0.07 0.0875 0.07 0.09 0.07 0.065 0.06 0.05 0.055 0.055 0.045 0.04 0.04 0.04
-9999 -9999 -9999 -9999 -9999 -9999 -9999 -9999 -9999 -9999 -9999 -9999 -9999 -9999 -9999 -9999 -9999 -9999 -9999 -9999 -9999 -9999 -9999 -9999 -9999 -9999 -9999 0.155 0.17 0.195 0.205 0.185 0.155 0.23 0.155 0.195 0.22 0.17 0.185 0.23 0.16 0.0975 0.13 0.12 0.13 0.0925 0.12 0.12 0.1225 0.1125 0.12 0.1 0.1 0.12 0.13 0.13 0.1225 0.13 0.13 0.1 0.1275 0.13 0.1275 0.1 0.09 0.08 0.095 0.07 0.095 0.09 0.07 0.055 0.05 0.03 0.03 0.04 0.04 0.04
-9999 -9999 -9999 -9999 -9999 -9999 -9999 -9999 -9999 -9999 -9999 -9999 -9999 -9999 -9999 -9999 -9999 -9999 -9999 -9999 -9999 -9999 -9999 -9999 -9999 -9999 -9999 0.1825 0.22 0.23 0.175 0.18 0.195 0.18 0.22 0.23 0.23 0.19 0.195 0.17 0.145 0.07 0.1 0.13 0.1275 0.12 0.1275 0.1275 0.0925 0.12 0.1275 0.12 0.11 0.12 0.1 0.13 0.0925 0.11 0.1 0.12 0.125 0.13 0.16 0.075 0.09 0.08 0.08 0.07 0.08 0.065 0.055 0.055 0.06 0.0625 0.045 0.04 0.035 0.04
-9999 -9999 -9999 -9999 -9999 -9999 -9999 -9999 -9999 -9999 -9999 -9999 -9999 -9999 -9999 -9999 -9999 -9999 -9999 -9999 -9999 -9999 -9999 -9999 -9999 -9999 0.205 0.205 0.22 0.19 0.185 0.23 0.19 0.185 0.23 0.21 0.19 0.19 0.18 0.18 0.185 0.15 0.0975 0.13 0.0925 0.13 0.13 0.13 0.13 0.13 0.13 0.1275 0.12 0.12 0.0925 0.12 0.12 0.1325 0.1225 0.125 0.1225 0.12 0.13 0.12 0.115 0.13 0.1 0.09 0.08 0.085 0.07 0.064 0.059 0.061 0.0515 0.04 0.04 0.047
-9999 -9999 -9999 -9999 -9999 -9999 -9999 -9999 -9999 -9999 -9999 -9999 -9999 -9999 -9999 -9999 -9999 -9999 -9999 -9999 -9999 -9999 -9999 -9999 -9999 -9999 -9999 0.225 0.215 0.24 0.235 0.205 0.22 0.1775 0.1925 0.195 0.195 0.17 0.23 0.22 0.23 0.19 0.07 0.1 0.1275 0.0925 0.0925 0.1275 0.12 0.13 0.1275 0.13 0.12 0.11 0.1275 0.12 0.12 0.1325 0.19 0.1125 0.1225 0.12 0.13 0.1 0.115 0.135 0.09 0.095 0.08 0.075 0.085 0.063 0.062 0.06 0.0625 0.0505 0.0525 0.0485
-9999 -9999 -9999 -9999 -9999 -9999 -9999 -9999 -9999 -9999 -9999 -9999 -9999 -9999 -9999 -9999 -9999 -9999 -9999 -9999 -9999 -9999 -9999 -9999 -9999 -9999 0.19 0.225 0.21 0.24 0.28 0.27 0.27 0.19 0.2 0.225 0.17 0.21 0.175 0.195 0.22 0.195 0.13 0.1675 0.1 0.1275 0.12 0.1275 0.1275 0.13 0.13 0.13 0.1075 0.1 0.1 0.13 0.1225 0.1325 0.16 0.13 0.12 0.11 0.125 0.12 0.12 0.11 0.105 0.09 0.08 0.07 0.085 0.07 0.064 0.06 0.065 0.048 0.0525 0.0425
-9999 -9999 -9999 -9999 -9999 -9999 -9999 -9999 -9999 -9999 -9999 -9999 -9999 -9999 -9999 -9999 -9999 -9999 -9999 -9999 -9999 -9999 -9999 -9999 -9999 -9999 -9999 -9999 0.205 0.225 0.25 0.225 0.24 0.21 0.21 0.205 0.1775 0.21 0.165 0.21 0.19 0.165 0.08 0.0975 0.1025 0.1 0.1275 0.13 0.1 0.13 0.1375 0.1 0.1 0.11 0.1275 0.1275 0.1275 0.12 0.1325 0.145 0.12 0.115 0.13 0.12 0.135 0.13 0.09 0.1 0.09 0.08 0.08 0.085 0.063 0.056 0.06 0.054 0.0505 0.042
-9999 -9999 -9999 -9999 -9999 -9999 -9999 -9999 -9999 -9999 -9999 -9999 -9999 -9999 -9999 -9999 -9999 -9999 -9999 -9999 -9999 -9999 -9999 -9999 -9999 -9999 -9999 -9999 0.24 0.24 -9999 -9999 0.27 0.23 0.17 0.205 0.19 0.23 0.17 0.18 0.155 0.1625 0.06 0.0875 0.0975 0.0875 0.0875 0.105 0.085 0.1 0.0875 0.11 0.1025 0.085 0.1275 0.1025 0.085 0.1275 0.12 0.12 0.11 0.11 0.135 0.13 0.12 0.11 0.09 0.105 0.09 0.09 0.085 0.063 0.064 0.059 0.053 0.06 0.0625 0.0625
-9999 -9999 -9999 -9999 -9999 -9999 -9999 -9999 -9999 -9999 -9999 -9999 -9999 -9999 -9999 -9999 -9999 -9999 -9999 -9999 -9999 -9999 -9999 -9999 -9999 -9999 -9999 -9999 -9999 0.26 -9999 -9999 -9999 0.235 0.25 0.19 0.1825 0.195 0.22 0.17 0.175 0.12 0.075 0.0975 0.07 0.0975 0.0975 0.0975 0.0875 0.23 0.2 0.21 0.26 0.105 0.085 0.1 0.1175 0.1075 0.1025 0.105 0.09 0.11 0.11 0.105 0.115 0.12 0.12 0.125 0.1 0.075 0.07 0.06 0.06 0.059 0.055 0.054 0.046 0.044
-9999 -9999 -9999 -9999 -9999 -9999 -9999 -9999 -9999 -9999 -9999 -9999 -9999 -9999 -9999 -9999 -9999 -9999 -9999 -9999 -9999 -9999 -9999 -9999 -9999 -9999 -9999 -9999 -9999 -9999 -9999 -9999 -9999 -9999 0.21 0.1775 0.23 0.195 0.185 0.095 0.08 0.06 0.07 0.065 0.07 0.065 0.065 0.09 0.21 0.24 0.24 0.2 0.145 0.155 0.135 0.105 0.085 0.1025 0.1 0.09 0.12 0.115 0.12 0.105 0.115 0.14 0.14 0.135 0.075 0.085 0.064 0.06 0.058 0.058 0.07 0.065 0.044 0.044
-9999 -9999 -9999 -9999 -9999 -9999 -9999 -9999 -9999 -9999 -9999 -9999 -9999 -9999 -9999 -9999 -9999 -9999 -9999 -9999 -9999 -9999 -9999 -9999 -9999 -9999 -9999 -9999 -9999 -9999 -9999 -9999 -9999 -9999 -9999 -9999 -9999 0.13 0.11 0.16 0.075 0.07 0.045 0.135 0.23 0.2 0.23 0.21 0.24 0.155 0.135 0.12 0.155 0.2 0.22 0.21 0.07 0.08 0.08 0.065 0.085 0.09 0.09 0.12 0.125 0.125 0.11 0.1 0.095 0.085 0.085 0.085 0.085 0.07 0.06 0.064 0.06 0.065
-9999 -9999 -9999 -9999 -9999 -9999 -9999 -9999 -9999 -9999 -9999 -9999 -9999 -9999 -9999 -9999 -9999 -9999 -9999 -9999 -9999 -9999 -9999 -9999 -9999 -9999 -9999 -9999 -9999 -9999 -9999 -9999 -9999 -9999 -9999 -9999 -9999 0.095 0.14 -9999 0.12 0.16 0.115 0.12 0.135 0.21 0.26 0.155 0.21 0.12 0.15 0.135 0.16 0.21 0.135 0.19 0.145 0.21 0.21 0.105 0.18 0.085 0.135 0.105 0.13 0.12 0.13 0.11 0.135 0.1 0.09 0.075 0.075 0.09 0.075 0.06 0.06 0.0575
-9999 -9999 -9999 -9999 -9999 -9999 -9999 -9999 -9999 -9999 -9999 -9999 -9999 -9999 -9999 -9999 -9999 -9999 -9999 -9999 -9999 -9999 -9999 -9999 -9999 -9999 -9999 -9999 -9999 -9999 -9999 -9999 -9999 -9999 -9999 -9999 -9999 -9999 -9999 -9999 0.095 0.125 0.135 0.115 0.145 0.155 0.12 0.155 0.18 0.12 0.12 0.155 0.24 0.17 0.17 0.12 0.155 0.17 0.155 0.125 0.165 0.075 0.12 0.105 0.125 0.1 0.09 0.12 0.11 0.11 0.09 0.075 0.07 0.075 0.085 0.063 0.07 0.06
-9999 -9999 -9999 -9999 -9999 -9999 -9999 -9999 -9999 -9999 -9999 -9999 -9999 -9999 -9999 -9999 -9999 -9999 -9999 -9999 -9999 -9999 -9999 -9999 -9999 -9999 -9999 -9999 -9999 -9999 -9999 -9999 -9999 -9999 -9999 -9999 -9999 -9999 -9999 -9999 0.065 0.115 0.135 0.1 0.125 0.12 0.12 0.14 0.12 0.15 0.135 0.17 0.145 0.155 0.145 0.145 0.14 0.135 0.095 0.12 0.145 0.07 0.085 0.09 0.08 0.095 0.105 0.12 0.11 0.135 0.13 0.08 0.085 0.075 0.085 0.07 0.059 0.06
-9999 -9999 -9999 -9999 -9999 -9999 -9999 -9999 -9999 -9999 -9999 -9999 -9999 -9999 -9999 -9999 -9999 -9999 -9999 -9999 -9999 -9999 -9999 -9999 -9999 -9999 -9999 -9999 -9999 -9999 -9999 -9999 -9999 -9999 -9999 -9999 -9999 -9999 -9999 -9999 0.105 0.115 0.135 0.095 0.125 0.14 0.155 0.125 0.135 0.125 0.125 0.155 0.135 0.155 0.12 0.145 0.055 0.055 0.095 0.115 0.1475 0.155 0.085 0.085 0.075 0.12 0.12 0.14 0.13 0.11 0.11 0.08 0.075 0.095 0.08 0.07 0.07 0.06
-9999 -9999 -9999 -9999 -9999 -9999 -9999 -9999 -9999 -9999 -9999 -9999 -9999 -9999 -9999 -9999 -9999 -9999 -9999 -9999 -9999 -9999 -9999 -9999 -9999 -9999 -9999 -9999 -9999 -9999 -9999 -9999 -9999 -9999 -9999 -9999 -9999 -9999 -9999 -9999 0.105 0.075 0.135 0.095 0.115 0.125 0.125 0.125 0.125 0.145 0.145 0.125 0.105 0.125 0.125 0.0525 0.0525 0.105 0.125 0.125 0.145 0.145 0.08 0.1 0.1 0.105 0.115 0.14 0.12 0.13 0.115 0.09 0.115 0.1 0.085 0.0675 0.07 0.06
-9999 -9999 -9999 -9999 -9999 -9999 -9999 -9999 -9999 -9999 -9999 -9999 -9999 -9999 -9999 -9999 -9999 -9999 -9999 -9999 -9999 -9999 -9999 -9999 -9999 -9999 -9999 -9999 -9999 -9999 -9999 -9999 -9999 -9999 -9999 -9999 -9999 -9999 -9999 -9999 0.065 0.085 0.095 0.11 0.135 0.135 0.135 0.135 0.075 0.125 0.075 0.065 0.135 0.105 0.085 0.06 0.065 0.085 0.08 0.135 0.115 0.125 0.075 0.095 0.085 0.09 0.115 0.105 0.13 0.11 0.11 0.12 0.125 0.12 0.085 0.075 0.064 0.07
-9999 -9999 -9999 -9999 -9999 -9999 -9999 -9999 -9999 -9999 -9999 -9999 -9999 -9999 -9999 -9999 -9999 -9999 -9999 -9999 -9999 -9999 -9999 -9999 -9999 -9999 -9999 -9999 -9999 -9999 -9999 -9999 -9999 -9999 -9999 -9999 -9999 -9999 -9999 -9999 0.095 0.075 0.075 0.115 0.115 0.115 0.065 0.135 0.075 0.135 0.115 0.105 0.105 0.105 0.0443 0.065 0.06 0.075 0.085 0.085 0.085 0.1 0.0675 0.085 0.12 0.09 0.13 0.12 0.115 0.12 0.14 0.135 0.11 0.13 0.075 0.0675 0.075 0.06
-9999 -9999 -9999 -9999 -9999 -9999 -9999 -9999 -9999 -9999 -9999 -9999 -9999 -9999 -9999 -9999 -9999 -9999 -9999 -9999 -9999 -9999 -9999 -9999 -9999 -9999 -9999 -9999 -9999 -9999 -9999 -9999 -9999 -9999 -9999 -9999 -9999 -9999 -9999 -9999 0.07 0.065 0.095 0.065 0.075 0.11 0.135 0.135 0.095 0.075 0.0443 0.0475 0.045 0.045 0.045 0.065 0.065 0.055 0.105 0.11 0.125 0.09 0.06 0.065 0.095 0.09 0.09 0.12 0.12 0.11 0.12 0.13 0.09 0.09 0.0675 0.075 0.07 0.064
-9999 -9999 -9999 -9999 -9999 -9999 -9999 -9999 -9999 -9999 -9999 -9999 -9999 -9999 -9999 -9999 -9999 -9999 -9999 -9999 -9999 -9999 -9999 -9999 -9999 -9999 -9999 -9999 -9999 -9999 -9999 -9999 -9999 -9999 -9999 -9999 -9999 -9999 0 0 0.065 0.055 0.0459 0.085 0.095 0.075 0.12 0.085 0.0475 0.055 0.065 0.045 0.065 0.045 0.075 0.06 0.075 0.085 0.075 0.12 0.11 0.0625 0.0675 0.095 0.065 0.1 0.14 0.11 0.14 0.095 0.13 0.095 0.095 0.09 0.09 0.075 0.0675 0.07
-9999 -9999 -9999 -9999 -9999 -9999 -9999 -9999 -9999 -9999 -9999 -9999 -9999 -9999 -9999 -9999 -9999 -9999 -9999 -9999 -9999 -9999 -9999 -9999 -9999 -9999 -9999 -9999 -9999 -9999 -9999 -9999 -9999 -9999 -9999 -9999 -9999 -9999 0.065 0.055 0.055 0.065 0.095 0.105 0.075 0.075 0.105 0.045 0.065 0.055 0.045 0.055 0.055 0.055 0.05 0.055 0.095 0.095 0.115 0.075 0.039 0.038 0.075 0.075 0.09 0.085 0.085 0.105 0.095 0.095 0.09 0.095 0.085 0.095 0.095 0.075 0.07 0.07
-9999 -9999 -9999 -9999 -9999 -9999 -9999 -9999 -9999 -9999 -9999 -9999 -9999 -9999 -9999 -9999 -9999 -9999 -9999 -9999 -9999 -9999 -9999 -9999 -9999 -9999 -9999 -9999 -9999 -9999 -9999 -9999 -9999 -9999 -9999 -9999 -9999 -9999 0.06 0.055 0.055 0.06 0.0525 0.12 0.135 0.135 0.05 0.055 0.055 0.055 0.04 0.04 0.0353 0.04 0.0475 0.0455 0.08 0.04 0.044 0.046 0.038 0.06 0.07 0.075 0.09 0.095 0.095 0.085 0.065 0.095 0.065 0.085 0.085 0.08 0.0675 0.07 0.06 0.08
-9999 -9999 -9999 -9999 -9999 -9999 -9999 -9999 -9999 -9999 -9999 -9999 -9999 -9999 -9999 -9999 -9999 -9999 -9999 -9999 -9999 -9999 -9999 -9999 -9999 -9999 -9999 -9999 -9999 -9999 -9999 -9999 -9999 -9999 -9999 -9999 -9999 0.05 0.055 0.06 0.055 0.06 0.055 0.0455 0.0452 0.0353 0.035 0.04 0.035 0.0345 0.04 0.044 0.0475 0.0359 0.0475 0.0475 0.035 0.0375 0.033 0.048 0.04 0.042 0.039 0.06 0.08 0.08 0.08 0.049 0.09 0.075 0.07 0.085 0.085 0.115 0.08 0.07 0.055 0.07
-9999 -9999 -9999 -9999 -9999 -9999 -9999 -9999 -9999 -9999 -9999 -9999 -9999 -9999 -9999 -9999 -9999 -9999 -9999 -9999 -9999 -9999 -9999 -9999 -9999 -9999 -9999 -9999 -9999 -9999 -9999 -9999 -9999 -9999 -9999 -9999 0.0475 0.06 0.075 0.065 0.0475 0.0453 0.04 0.045 0.04 0.04 0.04 0.04 0.035 0.035 0.0454 0.0353 0.04 0.04 0.04455 0.0353 0.032 0.055 0.07 0.075 0.033 0.048 0.045 0.055 0 0.049 0.049 0 0.07 0.07 0.09 0.095 0.095 0.095 0.085 0.085 0.0775 0.055
-9999 -9999 -9999 -9999 -9999 -9999 -9999 -9999 -9999 -9999 -9999 -9999 -9999 -9999 -9999 -9999 -9999 -9999 -9999 -9999 -9999 -9999 -9999 -9999 -9999 -9999 -9999 -9999 -9999 -9999 -9999 -9999 -9999 -9999 -9999 0.0444 0.065 0.085 0.065 0.065 0.055 0.055 0.0475 0.0475 0.0353 0.045 0.045 0.045 0.0347 0.0342 0.0454 0.0447 0.0347 0.0454 0.0347 0.0345 0.045 0.07 0.055 0.08 0.08 0.065 0.06 0.055 0 -9999 0.075 0.049 0.06 0.08 0.075 0.06 0.06 0.07 0.08 0.07 0.075 0.048
-9999 -9999 -9999 -9999 -9999 -9999 -9999 -9999 -9999 -9999 -9999 -9999 -9999 -9999 -9999 -9999 -9999 -9999 -9999 -9999 -9999 -9999 -9999 -9999 -9999 -9999 -9999 -9999 -9999 -9999 -9999 -9999 0.0475 0.0456 0.045 0.055 0.055 0.065 0.065 0.06 0.045 0.045 0.0454 0.0456 0.0347 0.035 0.0375 0.0345 0.0345 0.0458 0.0454 0.0447 0.0447 0.0349 0.0342 0.0475 0.04 0.055 0.065 0.065 0.065 0.08 0.065 0.0575 0.08 -9999 0.049 0.08 0.07 0.085 0.06 0.07 0.07 0.06 0.049 0.049 0.06 0.08
-9999 -9999 -9999 -9999 -9999 -9999 -9999 -9999 -9999 -9999 -9999 -9999 -9999 -9999 -9999 -9999 -9999 -9999 -9999 -9999 -9999 -9999 -9999 -9999 -9999 -9999 -9999 -9999 -9999 -9999 0.045 0.045 0.0345 0.0454 0.055 0.06 0.065 0.075 0.06 0.055 0.04 0.045 0.045 0.045 0.035 0.035 0.0458 0.0458 0.0458 0.0347 0.0345 0.0452 0.0345 0.0345 0.04 0.045 0.055 0.065 0.065 0.075 0.065 0.08 0.085 0.07 0.085 0.047 0.049 0.0625 0.0575 0.06 0.049 0.09 0.07 -9999 -9999 0.049 0.05 -9999
-9999 -9999 -9999 -9999 -9999 -9999 -9999 -9999 -9999 -9999 -9999 -9999 -9999 -9999 -9999 -9999 -9999 -9999 -9999 -9999 -9999 -9999 -9999 -9999 -9999 -9999 -9999 -9999 -9999 -9999 0.0345 0.0455 0.0458 0.0455 0.05 0.055 0.055 0.055 0.045 0.055 0.04 0.04 0.035 0.035 0.035 0.035 0.04 0.0347 0.0342 0.0342 0.0352 0.0344 0.0447 0.0395 0.045 0.0405 0.05 0.055 0.055 0.075 0.065 0.105 0.065 0.085 0.095 0.065 0 0.055 0.08 0.049 -9999 -9999 -9999 -9999 -9999 -9999 -9999 0.07
-9999 -9999 -9999 -9999 -9999 -9999 -9999 -9999 -9999 -9999 -9999 -9999 -9999 -9999 -9999 -9999 -9999 -9999 -9999 -9999 -9999 -9999 -9999 -9999 -9999 -9999 -9999 -9999 0 0.0447 0.035 0.045 0.04 0.0475 0.0455 0.055 0.055 0.055 0.045 0.03 0.035 0.035 0.03 0.035 0.035 0.0447 0.0454 0.0345 0.0342 0.0352 0.0352 0.035 0.0385 0.045 0.0405 0.0405 0.0475 0.055 0.07 0.065 0.065 0.075 0.075 0.085 0.0575 0.065 0.125 -9999 -9999 -9999 0.32 0.17 -9999 0.16 0.17 0 -9999 -9999
-9999 -9999 -9999 -9999 -9999 -9999 -9999 -9999 -9999 -9999 -9999 -9999 -9999 -9999 -9999 -9999 -9999 -9999 -9999 -9999 -9999 -9999 -9999 -9999 -9999 -9999 -9999 -9999 0.0458 0.035 0.0342 0.035 0.0454 0.0451 0.045 0.04 0.045 0.055 0.045 0.035 0.04 0.045 0.035 0.0342 0.0454 0.0342 0.0447 0.0347 0.0342 0.0346 0.035 0.0385 0.04 0.035 0.0475 0.0525 0.0405 0.0475 0.055 0.055 0.055 0.065 0.105 0.075 0.08 0.075 0.07 0.08 0.105 0 0.095 0.115 0.115 0.14 0.14 0.114 0.14 0.19
-9999 -9999 -9999 -9999 -9999 -9999 -9999 -9999 -9999 -9999 -9999 -9999 -9999 -9999 -9999 -9999 -9999 -9999 -9999 -9999 -9999 -9999 -9999 -9999 -9999 -9999 -9999 0.0475 0.045 0.04 0.0455 0.045 0.0455 0.095 0.045 0.045 0.045 0.055 0.045 0.045 0.0375 0.045 0.035 0.045 0.0405 0.0448 0.0395 0.035 0.035 0.0385 0.035 0.0395 0.045 0.0405 0.0475 0.0475 0.0525 0.0405 0.0475 0.0525 0.07 0.065 0.065 0.08 0.085 0.125 0.09 0.085 0.085 0.085 0.095 0.115 0.115 0.15 0.114 0.145 0.12 0.114
-9999 -9999 -9999 -9999 -9999 -9999 -9999 -9999 -9999 -9999 -9999 -9999 -9999 -9999 -9999 -9999 -9999 -9999 -9999 -9999 -9999 -9999 -9999 -9999 -9999 -9999 0.0455 0.045 0.055 0.055 0.0451 0.0425 0.06 0.085 0.04 0.045 0.04 0.04 0.045 0.04 0.035 0.035 0.045 0.0345 0.035 0.0395 0.045 0.045 0.045 0.0395 0.0385 0.045 0.0395 0.045 0.0345 0.045 0.0475 0.0405 0.0475 0.0525 0.055 0.075 0.055 0.075 0.055 0.08 0.09 0.105 0.095 0.095 0.095 0.1 0.115 0.13 0.095 0.17 0.17 0.18
-9999 -9999 -9999 -9999 -9999 -9999 -9999 -9999 -9999 -9999 -9999 -9999 -9999 -9999 -9999 -9999 -9999 -9999 -9999 -9999 -9999 -9999 -9999 -9999 -9999 0.0354 0.035 0.055 0.045 0.045 0.045 0.0575 0.075 0.04 0.04455 0.045 0.04 0.035 0.0345 0.0353 0.045 0.045 0.045 0.045 0.035 0.035 0.035 0.0405 0.045 0.0395 0.0365 0.045 0.04 0.04 0.045 0.0475 0.0475 0.0475 0.0405 0.045 0.0475 0.055 0.065 0.075 0.055 0.065 0.085 0.125 0.08 0.095 0.095 0.125 0.115 0.115 0.115 0.115 0.15 0.15
-9999 -9999 -9999 -9999 -9999 -9999 -9999 -9999 -9999 -9999 -9999 -9999 -9999 -9999 -9999 -9999 -9999 -9999 -9999 -9999 -9999 -9999 -9999 -9999 -9999 0.0349 0.035 0.055 0.045 0.04 0.04 0.0451 0.0454 0.0353 0.04 0.04 0.045 0.035 0.035 0.045 0.04 0.04 0.035 0.045 0.045 0.0345 0.0405 0.045 0.045 0.0395 0.045 0.0365 0.045 0.0385 0.045 0.045 0.0345 0.0405 0.045 0.0345 0.04 0.0475 0.07 0.06 0.065 0.065 0.055 0.075 0.095 0.125 0.075 0.065 0.0575 0.105 0.125 0.105 0.13 0.11
