GIS/uga_init_pop.asc
ncols         121
nrows         127
xllcorner     118236.49319105
yllcorner     -163800.7987251
cellsize      5000
NODATA_value  -9999
[rows 74 to 110 of 127, columns 0 to 83 of 121]
-9999 -9999 -9999 -9999 -9999 -9999 -9999 -9999 -9999 -9999 -9999 -9999 -9999 1585 1273 553 110 160 622 1699 2521 4351 3240 2547 3466 5880 8266 5392 5107 4220 4531 3209 2285 1779 2151 3308 3902 2570 3249 2796 2652 2268 2153 2447 2358 2373 2214 2809 6096 7643 1964 935 534 338 272 172 201 327 1166 343 485 920 1968 1333 3670 2829 2193 1687 2593 2189 1210 1229 2169 4599 3025 2718 3721 4152 9681 6311 6133 5785 7549 4758
-9999 -9999 -9999 -9999 -9999 -9999 -9999 -9999 -9999 -9999 862 744 847 2469 1865 452 110 608 2056 3167 2933 4180 3828 3215 2274 4871 4123 3976 2772 1780 2501 4185 2383 1507 1986 1982 3277 2252 2358 2315 3348 3381 2681 2508 2195 2557 2462 1743 2604 3098 1887 5026 1611 507 282 465 244 264 665 1022 1537 3537 6806 2657 13180 18885 3061 3036 5906 1758 1683 1316 2764 8848 3513 3074 4562 7979 5710 6486 7144 11752 8678 4772
-9999 -9999 -9999 -9999 -9999 -9999 -9999 -9999 -9999 1538 2532 4693 4693 3027 7036 1130 1048 1476 2760 1468 2228 3728 4408 3514 2580 4010 5394 3539 2139 1761 2703 1669 2633 3935 2582 2642 2433 2558 3082 4116 2637 2513 2131 2334 2455 2349 1743 1866 2997 3733 1199 1973 3236 1035 632 812 227 232 375 1514 737 1601 3747 1629 2433 8295 1984 2837 2527 1934 1452 3297 2068 5184 4448 4711 8018 6066 4022 8537 6306 7971 5390 6464
-9999 -9999 -9999 -9999 -9999 -9999 -9999 -9999 -9999 3090 8545 7890 6060 3461 4777 2979 3486 2609 4272 2212 1675 3389 3013 2417 3466 4963 4310 3648 3353 2203 1657 1823 2193 4044 3310 2197 2677 2249 2639 2906 2237 2233 2341 2492 2118 1509 1723 2787 3544 3968 1506 1934 3145 2943 1209 1268 313 326 858 2936 1524 2473 3229 3703 3142 9340 3951 3179 2530 3115 1633 3479 2377 3343 3678 6258 9808 6509 7719 8790 6317 7320 8483 8182
-9999 -9999 -9999 -9999 -9999 -9999 -9999 -9999 -9999 9056 13167 14311 5500 5570 4704 5914 3421 3573 3293 3586 3120 3331 3795 3255 3890 4335 3941 3358 3159 2221 3808 2034 2145 2140 2175 3190 2254 2158 1682 2736 1940 2598 2964 2208 2041 2016 2042 2284 4047 2911 3097 1964 3321 2942 4950 2585 762 839 1608 3365 1973 3242 4807 6689 3646 16027 7689 5481 2771 4119 3032 5555 3841 3258 14593 4616 5079 5483 5937 5989 5430 7667 5826 8742
-9999 -9999 -9999 -9999 -9999 -9999 -9999 -9999 -9999 16807 7587 3159 3309 8040 11465 25644 9602 4631 3728 4325 4253 4498 4023 2933 3900 2990 2493 2462 3187 2223 3803 4467 2803 2099 2389 2992 2548 2436 2389 5299 2297 3172 4281 2763 2236 2673 1940 2308 2795 2811 7728 2376 1782 2775 3605 3523 3274 1905 3387 4986 3315 2771 2215 2897 4038 6237 4090 6278 5123 7716 2468 2370 10975 4421 10017 6958 5977 6215 7229 7492 15137 5985 6146 7179
-9999 -9999 -9999 -9999 -9999 -9999 -9999 -9999 -9999 7374 3026 2304 3639 6607 10220 13414 7009 3404 1907 2525 4306 4106 3977 8286 4068 2523 2060 1828 2606 2201 2407 3822 3622 4014 3266 3652 3186 2412 2381 2162 3001 2535 2405 2826 3305 3550 2402 2255 2120 2159 3188 2666 2210 1634 1617 1767 2995 3683 2056 2143 2799 11715 3020 2488 5038 6438 4747 3494 4546 4871 2644 3367 6596 2785 2935 5742 8003 5329 6109 6277 10890 6412 6823 6223
-9999 -9999 -9999 -9999 -9999 -9999 -9999 -9999 -9999 1415 2030 2734 4765 8865 7642 5285 5395 1945 1072 1715 3950 4193 3282 3536 2719 2661 3935 3497 3582 3305 2851 3076 3015 3932 3162 3420 5122 3970 3354 3503 25217 3031 2105 2119 2979 3209 4121 4101 3102 3246 4369 2429 3172 3489 3810 1951 1833 2525 9834 4293 2477 2780 3556 3848 3416 12373 17260 4971 9513 4112 3067 4402 4741 3246 3253 1824 9394 9178 7287 10214 7699 7668 3909 7838
-9999 -9999 -9999 -9999 -9999 -9999 -9999 -9999 -9999 966 1130 3097 4955 8658 5550 3301 3168 1533 869 961 1309 2979 2043 2124 1881 3046 2858 2105 3511 4785 6310 3871 2848 2590 2727 3886 4199 3789 3578 3946 14504 4426 2579 2532 2328 2101 2570 3740 2782 4599 8012 2463 1843 2582 2670 1879 2045 2589 4051 5393 3216 4478 6263 4746 5991 7380 5635 7720 9517 4377 4843 14241 5017 3884 1838 936 3416 9838 6399 11715 6712 7636 4246 9726
-9999 -9999 -9999 -9999 -9999 -9999 -9999 -9999 -9999 1053 1721 2822 4008 8253 8255 3483 2905 1975 866 716 702 1804 2260 2146 1805 2866 3568 3204 4424 3937 3631 3713 5300 7834 5269 5609 6226 4049 7273 2826 2704 2024 1940 3676 3128 2345 2220 2316 2467 2490 2493 3299 2156 1836 5274 2289 2514 3771 2720 3840 3870 5901 5778 3860 7433 20738 8694 14796 17306 8656 10738 4325 6081 2607 1646 1049 1701 2983 3445 9145 17702 50903 9128 7917
-9999 -9999 -9999 -9999 -9999 -9999 -9999 -9999 1614 2094 2618 4234 5412 7390 8930 4382 2688 1079 1126 964 771 3327 4017 1855 2475 5222 4706 3887 5035 5210 4513 3727 3980 4641 3431 3145 3763 4234 4414 2605 2261 1811 1977 2004 1218 1447 5030 7768 2553 3043 3928 4086 4625 3155 4104 3717 1912 2197 2578 3753 3512 5791 12314 8189 11052 33287 29634 51031 32063 4424 5539 6971 2612 4070 2024 1310 906 1081 3403 19611 43479 25662 1197 3935
-9999 -9999 -9999 -9999 -9999 -9999 -9999 3341 4218 2791 2990 6061 10247 8278 9305 6039 2018 912 2925 3384 2540 3083 3120 2165 4281 4493 3630 4079 4595 4240 4128 5002 3882 7037 5831 2447 5289 5154 2615 2194 1675 1873 1414 1554 1414 1658 2097 2043 1627 2212 1779 1609 965 2843 12144 25924 3545 7143 4756 5217 2870 3733 8863 8919 34797 71246 127946 94706 86554 25289 15100 11738 9167 9595 11473 11095 4001 2428 5352 15060 16636 5867 807 540
-9999 -9999 -9999 -9999 -9999 -9999 -9999 5276 3004 2098 2886 3635 3721 4531 4939 2784 827 629 3080 4656 2861 2797 3289 5542 7370 4403 3735 4741 4489 3811 3560 3405 4301 7104 6006 1967 3138 2337 2374 1847 1526 1462 1375 1319 1592 1464 1066 965 1072 1175 1009 172 134 513 2341 3230 2885 4646 2578 2931 2543 2696 6491 10953 28559 100068 199876 129908 112268 41612 37152 20937 7702 6462 14017 10271 7205 7961 4063 5356 5397 3010 268 892
-9999 -9999 -9999 -9999 -9999 -9999 -9999 6080 2628 1671 2462 3841 2670 8671 2367 1285 558 535 2395 3884 2644 3917 3379 2796 5783 3979 3463 2898 3987 3755 2881 2889 2175 2819 2012 1807 1530 1205 1421 1139 891 665 605 541 635 982 758 693 713 687 1267 1072 1694 2102 1651 2458 2865 4701 2767 2044 1905 2128 4473 16988 44477 104139 160811 136327 77241 17445 5051 8292 2528 2939 2838 3877 4097 5724 8145 5899 744 1096 3022 1454
-9999 -9999 -9999 -9999 -9999 -9999 2493 3203 1752 2035 2760 4803 8019 3137 2721 1111 682 650 1592 3498 1921 3150 2289 1555 3924 2320 1578 1158 1241 1945 3291 1868 1397 1091 1462 3636 1899 1636 1250 399 399 430 702 432 480 1109 647 623 895 641 2197 4020 3612 3562 1828 2238 2332 3821 4484 4045 3288 4079 5488 11275 35788 55870 127414 137443 29812 3315 2861 4143 9198 3404 5877 4549 5209 4680 3806 5730 228 3777 4303 3757
-9999 -9999 -9999 -9999 -9999 -9999 1766 2789 2910 5421 5390 9206 6503 1822 829 476 1096 1545 2439 4412 2668 3361 1912 3271 1993 1761 1864 1146 1104 2448 1441 1268 1254 1410 1554 3685 1527 1498 921 439 952 489 463 399 445 1228 2463 882 1142 1651 2100 2721 2070 2544 3397 4670 2372 4616 5195 2127 3368 13881 3582 4290 6928 16797 64416 55755 2671 2519 2196 3910 3845 2188 5343 2995 3209 2108 1147 1110 507 463 3452 3636
-9999 -9999 -9999 -9999 -9999 -9999 2030 2622 3980 8204 7516 34644 2728 5235 794 472 1125 2290 2436 7997 2926 4370 2160 2518 1465 1902 2853 2472 2114 1761 1243 1050 1411 2006 1271 1905 872 1260 626 417 418 383 746 610 497 1091 922 1161 1741 3463 4206 3878 4213 3894 2354 2483 7128 2596 3078 5261 3309 2520 4378 5684 9180 9936 22903 244 348 906 1359 5426 3748 864 1846 4007 2013 1993 336 627 1468 1644 3597 2891
-9999 -9999 -9999 -9999 4864 3312 4362 3038 4442 6403 2392 1850 1077 1469 450 377 933 2298 3147 4849 3286 3826 3492 1906 1988 2611 4148 2430 2749 2422 2171 1918 854 1542 1390 2004 708 548 649 429 639 616 750 312 449 1396 1004 1698 4291 2407 2098 2069 2345 4858 7079 3542 2272 2439 5132 3413 2534 2097 2470 4014 4988 27134 22128 996 160 2651 4797 2142 338 470 1520 2004 1740 452 715 1576 1046 -9999 2179 1934
-9999 -9999 -9999 8617 6807 3998 7648 11037 3360 1011 1467 383 866 769 161 572 2025 3971 5143 3998 4347 2694 3363 3952 2128 1860 2612 1790 1955 1843 1090 1332 643 3301 2860 1050 1199 528 426 735 916 502 382 594 691 825 940 1314 1094 1601 2120 2681 3249 1863 2577 3186 10223 2515 2400 2069 1927 2043 1142 2511 40076 31957 4403 181 171 498 -9999 -9999 -9999 83 1070 851 406 396 999 -9999 -9999 118 1018 872
-9999 -9999 -9999 28709 26807 4941 7108 3566 1278 861 500 432 70 -9999 -9999 132 3167 5478 5086 3985 6706 4268 4024 2374 2329 1985 1761 1445 2120 1048 798 963 648 1393 926 808 2710 1173 529 440 483 338 373 898 930 1877 1725 2132 2154 1446 1521 2504 1995 3894 3263 6516 4520 1730 1536 1971 1793 2797 1764 9558 16835 975 684 16 -9999 -9999 -9999 851 409 -9999 990 602 95 229 62 -9999 -9999 469 2380 163
-9999 -9999 -9999 -9999 5016 9840 7115 1066 735 1221 494 491 358 93 -9999 433 3973 6501 5115 4074 3216 4123 2831 1952 2227 1899 1694 1226 1363 1418 816 1162 1519 1544 813 533 539 614 958 1072 523 829 974 1101 2481 3200 3367 2567 3391 3527 2081 1066 1804 2357 7318 3453 2318 1476 1587 1222 2065 38 183 27 -9999 -9999 -9999 -9999 110 36 237 1699 45 7 1348 22 -9999 -9999 -9999 -9999 -9999 -9999 -9999 -9999
-9999 -9999 -9999 174 903 4366 2474 324 521 521 476 327 430 119 103 7812 6035 5877 4404 4219 5134 2357 2779 2872 2279 1815 4508 1723 1078 886 566 700 1154 1711 893 575 925 761 636 902 1202 2596 2407 1432 3356 5400 3645 2918 5540 3531 2573 1498 1314 4468 2142 706 505 1183 1083 18 9 -9999 -9999 -9999 -9999 -9999 -9999 -9999 -9999 14 989 656 412 -9999 -9999 -9999 -9999 -9999 -9999 3253 762 -9999 -9999 -9999
-9999 -9999 -9999 2 437 6369 2387 535 513 820 1006 347 239 279 2160 3521 4032 6094 6541 6074 6356 3898 4220 4643 3654 2324 1406 1266 605 802 782 820 1160 1224 1639 1115 735 854 670 790 2140 2238 4093 4391 3518 3678 3072 2634 5524 4316 2595 2479 2499 2386 459 914 -9999 -9999 4 -9999 -9999 -9999 -9999 -9999 -9999 -9999 -9999 507 232 925 1741 2046 359 -9999 -9999 -9999 -9999 -9999 -9999 -9999 -9999 1583 -9999 -9999
-9999 -9999 -9999 -9999 7 1284 2593 2657 451 336 627 1401 1545 1301 2964 1679 1263 2987 4377 7856 10094 4737 5004 3690 2970 1430 1285 1575 610 453 1299 1687 798 570 870 833 527 1068 999 1204 1601 2771 4682 3462 3676 5390 3229 2560 3635 2769 3778 11600 893 -9999 -9999 -9999 -9999 -9999 -9999 4 40 -9999 -9999 -9999 -9999 -9999 -9999 -9999 -9999 2 84 25 -9999 -9999 -9999 -9999 -9999 -9999 -9999 -9999 -9999 208 -9999 -9999
-9999 -9999 -9999 -9999 -9999 7 6 559 369 317 471 4472 5401 8474 4738 1715 1226 3540 4963 3371 3937 3864 4441 3399 2186 2396 1006 1910 2220 1015 2887 737 525 547 554 1650 721 713 1839 2911 2757 4485 4307 3277 2775 4016 5929 4667 4884 3099 8280 2366 562 680 -9999 -9999 -9999 -9999 -9999 84 904 462 -9999 -9999 -9999 -9999 -9999 -9999 -9999 -9999 -9999 -9999 -9999 -9999 -9999 -9999 -9999 -9999 -9999 -9999 9 -9999 -9999 -9999
-9999 -9999 -9999 -9999 -9999 -9999 32 198 244 327 347 3270 5127 6090 3682 1289 1410 2818 4888 4244 2666 5462 4654 4029 2408 3352 1810 1205 946 956 1326 1088 717 485 1018 2584 1492 3550 2531 4512 2405 3646 10616 3626 3752 4551 3654 4540 8108 3497 6046 1415 340 595 19 702 1124 978 608 -9999 76 836 649 166 26 -9999 820 367 -9999 -9999 -9999 -9999 -9999 -9999 -9999 -9999 -9999 -9999 -9999 -9999 -9999 -9999 -9999 -9999
-9999 -9999 -9999 -9999 -9999 -9999 61 282 233 202 691 9663 6718 1774 1041 1644 2712 3681 3444 4621 3887 5036 5340 3642 2797 2285 1333 967 847 567 357 395 540 458 1744 2941 2324 1744 2510 4082 2874 3268 5508 3568 3756 4790 5673 3297 10049 7376 2833 1544 548 845 1222 100 607 1228 1 55 209 -9999 176 42 -9999 -9999 -9999 -9999 -9999 -9999 -9999 -9999 -9999 -9999 -9999 -9999 -9999 -9999 63 -9999 -9999 -9999 -9999 -9999
-9999 -9999 -9999 -9999 -9999 -9999 432 385 186 257 875 2987 1892 875 862 1771 2980 3654 4210 4671 4275 3647 10348 2738 2706 1666 1261 684 651 748 426 140 161 353 1938 3336 2648 1872 3056 2940 3630 2632 3342 3885 7106 5022 3962 15409 49946 6454 2949 1700 656 1233 138 29 208 902 688 1764 4271 204 475 114 314 217 454 1562 -9999 -9999 19 -9999 -9999 -9999 -9999 -9999 -9999 -9999 -9999 -9999 -9999 -9999 -9999 -9999
-9999 -9999 -9999 -9999 1 180 334 222 274 426 680 1359 2517 1864 1283 2443 2747 4206 3749 4104 5145 4403 3939 2364 2242 1042 748 532 102 335 136 175 253 400 1885 3730 3556 4714 7176 6814 4307 4362 6795 4034 6992 5478 3674 9820 11225 3350 2648 625 513 436 -9999 -9999 -9999 -9999 16 632 864 132 580 630 694 403 636 -9999 -9999 -9999 -9999 -9999 -9999 -9999 -9999 -9999 -9999 -9999 -9999 -9999 -9999 -9999 -9999 -9999
-9999 -9999 -9999 50 886 591 371 242 380 428 804 1874 3285 4756 3137 3091 2705 3655 4060 4825 5448 3428 5653 1679 1953 962 1044 609 589 102 73 251 506 1100 3075 12521 2764 2100 3891 5064 5556 4382 3977 3126 2548 2988 5543 3591 3161 2151 2171 1389 976 1 -9999 -9999 -9999 14 573 862 621 310 941 98 239 1079 3 -9999 -9999 -9999 -9999 -9999 -9999 -9999 -9999 -9999 -9999 -9999 -9999 -9999 -9999 -9999 -9999 -9999
-9999 -9999 445 478 674 756 378 440 718 3273 1541 4269 4529 5707 5339 4763 4744 4798 6556 4814 2581 2214 4467 2213 2778 1618 1018 616 1066 439 129 785 2760 1395 1009 1916 3659 3225 2965 3447 2501 2554 3186 6057 2642 3233 6461 3542 2702 2437 1606 559 -9999 -9999 -9999 -9999 -9999 130 1057 437 373 374 7 -9999 625 473 -9999 -9999 -9999 -9999 -9999 -9999 -9999 -9999 -9999 -9999 -9999 -9999 -9999 -9999 -9999 -9999 -9999 -9999
-9999 -9999 711 472 775 714 344 729 5246 6770 5534 5749 6092 5701 3549 5769 4936 5531 5258 3860 1659 1831 2418 1949 2009 4714 3118 1111 1469 3249 967 1221 750 549 465 2524 3184 3023 3510 2905 3321 5520 5223 4448 5592 7617 4199 3552 2674 2385 862 -9999 -9999 -9999 -9999 -9999 -9999 1447 123 7 735 439 -9999 -9999 226 7 -9999 -9999 -9999 -9999 -9999 -9999 -9999 -9999 -9999 -9999 -9999 -9999 -9999 -9999 -9999 -9999 -9999 -9999
-9999 -9999 373 564 715 618 441 1180 5288 6175 4550 5237 14002 9031 5627 5840 5400 6269 6434 2734 1703 1941 1593 1456 2317 3861 2234 1434 1180 1199 956 88 71 78 179 2361 2706 6159 3521 4472 4141 3199 4038 3162 3201 8351 4678 4342 2242 1704 58 -9999 -9999 -9999 -9999 -9999 -9999 222 11 195 52 -9999 -9999 -9999 -9999 -9999 -9999 -9999 -9999 -9999 -9999 -9999 -9999 -9999 -9999 -9999 -9999 -9999 -9999 -9999 -9999 -9999 -9999 -9999
-9999 -9999 934 712 1060 2171 1508 2582 5926 5851 5823 6144 5995 4724 4111 4193 3727 7554 7759 2789 2390 2623 2616 16542 52046 6340 1221 707 303 132 235 88 61 68 921 1011 1606 3043 5180 3519 3487 3266 4717 3381 3390 2493 2359 2805 2228 620 -9999 -9999 -9999 -9999 -9999 -9999 -9999 -9999 62 7 37 27 98 -9999 -9999 -9999 -9999 -9999 -9999 -9999 -9999 -9999 -9999 -9999 -9999 -9999 -9999 -9999 -9999 -9999 -9999 -9999 -9999 -9999
-9999 -9999 1338 963 2152 2693 3884 3672 5846 6545 5818 4377 4944 4702 3354 4066 3176 3524 3965 4821 3983 5102 4426 10430 11169 3288 1685 1785 1092 86 65 108 64 58 1197 1554 1375 1368 4724 6256 7749 3218 4136 11153 6184 2179 2190 1646 2124 1263 -9999 -9999 -9999 -9999 -9999 -9999 -9999 -9999 -9999 -9999 213 483 164 -9999 -9999 -9999 -9999 -9999 -9999 -9999 -9999 -9999 -9999 -9999 -9999 -9999 -9999 -9999 -9999 -9999 -9999 -9999 -9999 -9999
-9999 1166 1868 1960 4813 3009 4667 4860 6324 6255 5644 3987 5642 5664 2717 3229 5208 5037 7273 3808 2447 3545 4228 4283 5696 4897 2111 1764 1620 318 92 140 480 481 1429 2207 1173 1775 1857 3939 3887 4408 5232 2661 1627 2094 1700 1672 1894 211 -9999 -9999 -9999 -9999 -9999 -9999 -9999 -9999 110 -9999 -9999 161 -9999 -9999 -9999 -9999 -9999 -9999 -9999 -9999 -9999 -9999 -9999 -9999 -9999 -9999 -9999 -9999 -9999 -9999 -9999 -9999 -9999 -9999
-9999 3337 7418 4529 5123 3709 5217 4709 5099 5754 5048 3994 4555 6105 2505 3486 3270 4663 3238 3014 3784 4408 5395 3694 4750 3704 3836 1555 1503 742 1670 1239 1342 993 1256 1484 2192 2243 1699 1201 3640 3151 2639 2106 1122 1502 1016 1107 266 -9999 -9999 -9999 -9999 -9999 -9999 -9999 -9999 -9999 -9999 -9999 158 7 -9999 -9999 -9999 -9999 -9999 -9999 -9999 -9999 -9999 -9999 -9999 -9999 -9999 -9999 -9999 -9999 -9999 -9999 -9999 -9999 -9999 -9999
