GIS/uga_beta.asc
ncols         121
nrows         127
xllcorner     118236.49319105
yllcorner     -163800.7987251
cellsize      5000
NODATA_value  -9999
[rows 34 to 67 of 127, columns 0 to 76 of 121]
-9999 -9999 -9999 -9999 -9999 -9999 -9999 -9999 -9999 -9999 -9999 -9999 -9999 -9999 -9999 -9999 -9999 -9999 -9999 -9999 -9999 -9999 -9999 -9999 -9999 -9999 -9999 -9999 0.205 0.22 0.26 0.26 0.27 0.27 0.24 0.2 0.25 0.22 0.22 0.31 0.265 0.26 0.07 0.065 0.09 0.08 0.09 0.065 0.09 0.08 0.09 0.08 0.08 0.06 0.07 0.06 0.09 0.09 0.07 0.07 0.065 0.06 0.08 0.08 0.09 0.065 0.09 0.09 0.065 0.08 0.07 0.065 0.06 0.08 0.06 0.095 0.065
-9999 -9999 -9999 -9999 -9999 -9999 -9999 -9999 -9999 -9999 -9999 -9999 -9999 -9999 -9999 -9999 -9999 -9999 -9999 -9999 -9999 -9999 -9999 -9999 -9999 -9999 -9999 0.185 0.225 0.205 0.28 0.26 0.27 0.22 0.26 0.22 0.34 0.36 0.34 0.42 0.22 0.37 0.08 0.065 0.065 0.0775 0.09 0.065 0.09 0.09 0.065 0.08 0.07 0.07 0.065 0.06 0.07 0.06 0.06 0.07 0.07 0.065 0.09 0.08 0.065 0.065 0.06 0.07 0.095 0.08 0.065 0.095 0.06 0.06 0.07 0.09 0.08
-9999 -9999 -9999 -9999 -9999 -9999 -9999 -9999 -9999 -9999 -9999 -9999 -9999 -9999 -9999 -9999 -9999 -9999 -9999 -9999 -9999 -9999 -9999 -9999 -9999 -9999 -9999 0.205 0.22 0.24 0.26 0.24 0.28 0.33 0.36 0.39 0.39 0.39 0.47 0.4 0.33 0.06 0.065 0.065 0.065 0.065 0.065 0.09 0.065 0.08 0.08 0.09 0.055 0.065 0.06 0.07 0.07 0.07 0.07 0.08 0.08 0.08 0.08 0.08 0.055 0.08 0.08 0.08 0.095 0.07 0.095 0.07 0.085 0.07 0.065 0.095 0.08
-9999 -9999 -9999 -9999 -9999 -9999 -9999 -9999 -9999 -9999 -9999 -9999 -9999 -9999 -9999 -9999 -9999 -9999 -9999 -9999 -9999 -9999 -9999 -9999 -9999 -9999 0.175 0.185 0.205 0.185 0.22 0.39 0.31 0.32 0.34 0.34 0.36 0.33 0.39 0.48 0.38 0.32 0.07 0.0975 0.105 0.0975 0.065 0.09 0.08 0.08 0.09 0.09 0.08 0.095 0.09 0.09 0.065 0.08 0.07 0.09 0.08 0.095 0.08 0.095 0.08 0.085 0.08 0.08 0.08 0.085 0.075 0.075 0.075 0.075 0.08 0.09 0.09
-9999 -9999 -9999 -9999 -9999 -9999 -9999 -9999 -9999 -9999 -9999 -9999 -9999 -9999 -9999 -9999 -9999 -9999 -9999 -9999 -9999 -9999 -9999 -9999 -9999 -9999 -9999 0.1775 0.1825 0.2 0.24 0.32 0.41 0.3 0.33 0.32 0.39 0.64 0.57 0.46 0.42 0.42 0.065 0.065 0.0975 0.0975 0.0975 0.0975 0.0975 0.08 0.09 0.09 0.095 0.08 0.065 0.065 0.0975 0.0975 0.0975 0.065 0.065 0.095 0.08 0.08 0.08 0.08 0.08 0.08 0.085 0.07 0.07 0.075 0.075 0.08 0.075 0.085 0.085
-9999 -9999 -9999 -9999 -9999 -9999 -9999 -9999 -9999 -9999 -9999 -9999 -9999 -9999 -9999 -9999 -9999 -9999 -9999 -9999 -9999 -9999 -9999 -9999 -9999 -9999 0.145 0.19 0.205 0.25 0.24 0.3 0.33 0.225 0.31 0.31 0.39 0.41 0.33 0.49 0.43 0.49 0.335 0.34 0.065 0.105 0.105 0.07 0.07 0.065 0.065 0.065 0.065 0.065 0.065 0.0975 0.0975 0.105 0.0975 0.0975 0.07 0.095 0.07 0.08 0.08 0.07 0.085 0.085 0.085 0.07 0.07 0.075 0.075 0.08 0.09 0.09 0.075
-9999 -9999 -9999 -9999 -9999 -9999 -9999 -9999 -9999 -9999 -9999 -9999 -9999 -9999 -9999 -9999 -9999 -9999 -9999 -9999 -9999 -9999 -9999 -9999 -9999 -9999 -9999 -9999 0.225 0.22 0.24 0.255 0.27 0.33 0.32 0.39 0.27 0.36 0.42 0.57 0.43 0.35 0.32 0.08 0.0975 0.0975 0.105 0.0975 0.065 0.065 0.0975 0.0975 0.0975 0.0975 0.0975 0.0975 0.07 0.105 0.105 0.09 0.08 0.085 0.085 0.07 0.0675 0.08 0.08 0.07 0.07 0.085 0.085 0.075 0.075 0.09 0.09 0.09 0.08
-9999 -9999 -9999 -9999 -9999 -9999 -9999 -9999 -9999 -9999 -9999 -9999 -9999 -9999 -9999 -9999 -9999 -9999 -9999 -9999 -9999 -9999 -9999 -9999 -9999 -9999 -9999 -9999 0.205 0.3 -9999 -9999 0.33 0.29 0.24 0.27 0.28 0.33 0.46 0.64 0.64 0.42 0.38 0.08 0.09 0.065 0.065 0.065 0.065 0.0975 0.065 0.0975 0.0975 0.0975 0.105 0.105 0.0975 0.105 0.105 0.08 0.075 0.085 0.0675 0.0675 0.085 0.07 0.08 0.075 0.085 0.075 0.07 0.075 0.09 0.09 0.1 0.09 0.075
-9999 -9999 -9999 -9999 -9999 -9999 -9999 -9999 -9999 -9999 -9999 -9999 -9999 -9999 -9999 -9999 -9999 -9999 -9999 -9999 -9999 -9999 -9999 -9999 -9999 -9999 -9999 -9999 -9999 0.31 -9999 -9999 -9999 0.31 0.31 0.24 0.31 0.4 0.48 0.44 0.43 0.39 0.07 0.08 0.08 0.08 0.065 0.065 0.065 0.1 0.135 0.1 0.135 0.065 0.07 0.0875 0.105 0.07 0.105 0.065 0.075 0.075 0.0675 0.07 0.08 0.085 0.08 0.075 0.075 0.075 0.085 0.085 0.075 0.09 0.075 0.075 0.09
-9999 -9999 -9999 -9999 -9999 -9999 -9999 -9999 -9999 -9999 -9999 -9999 -9999 -9999 -9999 -9999 -9999 -9999 -9999 -9999 -9999 -9999 -9999 -9999 -9999 -9999 -9999 -9999 -9999 -9999 -9999 -9999 -9999 -9999 0.26 0.28 0.31 0.35 0.41 0.35 0.06 0.06 0.07 0.08 0.095 0.09 0.065 0.08 0.075 0.155 0.1 0.1 0.135 0.135 0.075 0.0975 0.0975 0.105 0.105 0.08 0.085 0.085 0.08 0.08 0.085 0.08 0.08 0.075 0.08 0.085 0.085 0.07 0.07 0.07 0.09 0.09 0.075
-9999 -9999 -9999 -9999 -9999 -9999 -9999 -9999 -9999 -9999 -9999 -9999 -9999 -9999 -9999 -9999 -9999 -9999 -9999 -9999 -9999 -9999 -9999 -9999 -9999 -9999 -9999 -9999 -9999 -9999 -9999 -9999 -9999 -9999 -9999 -9999 -9999 0.31 0.28 0.115 0.06 0.07 0.075 0.075 0.11 0.075 0.135 0.075 0.125 0.135 0.135 0.1 0.105 0.145 0.125 0.105 0.065 0.07 0.065 0.08 0.085 0.085 0.08 0.075 0.085 0.075 0.07 0.08 0.07 0.0675 0.07 0.075 0.07 0.07 0.08 0.09 0.075
-9999 -9999 -9999 -9999 -9999 -9999 -9999 -9999 -9999 -9999 -9999 -9999 -9999 -9999 -9999 -9999 -9999 -9999 -9999 -9999 -9999 -9999 -9999 -9999 -9999 -9999 -9999 -9999 -9999 -9999 -9999 -9999 -9999 -9999 -9999 -9999 -9999 0.28 0.33 -9999 0.065 0.085 0.125 0.095 0.11 0.115 0.135 0.075 0.1 0.125 0.1 0.16 0.125 0.125 0.105 0.125 0.125 0.105 0.16 0.095 0.125 0.08 0.08 0.08 0.075 0.08 0.08 0.075 0.075 0.085 0.07 0.07 0.075 0.085 0.08 0.085 0.08
-9999 -9999 -9999 -9999 -9999 -9999 -9999 -9999 -9999 -9999 -9999 -9999 -9999 -9999 -9999 -9999 -9999 -9999 -9999 -9999 -9999 -9999 -9999 -9999 -9999 -9999 -9999 -9999 -9999 -9999 -9999 -9999 -9999 -9999 -9999 -9999 -9999 -9999 -9999 -9999 0.07 0.125 0.125 0.125 0.135 0.135 0.075 0.135 0.135 0.1 0.125 0.125 0.125 0.105 0.105 0.105 0.16 0.105 0.125 0.125 0.105 0.075 0.065 0.08 0.08 0.08 0.085 0.075 0.075 0.075 0.085 0.08 0.08 0.07 0.07 0.07 0.07
-9999 -9999 -9999 -9999 -9999 -9999 -9999 -9999 -9999 -9999 -9999 -9999 -9999 -9999 -9999 -9999 -9999 -9999 -9999 -9999 -9999 -9999 -9999 -9999 -9999 -9999 -9999 -9999 -9999 -9999 -9999 -9999 -9999 -9999 -9999 -9999 -9999 -9999 -9999 -9999 0.11 0.095 0.065 0.065 0.105 0.135 0.12 0.11 0.11 0.1 0.125 0.115 0.105 0.105 0.125 0.125 0.125 0.125 0.105 0.08 0.105 0.09 0.095 0.085 0.08 0.085 0.085 0.085 0.07 0.085 0.085 0.07 0.0675 0.08 0.08 0.07 0.08
-9999 -9999 -9999 -9999 -9999 -9999 -9999 -9999 -9999 -9999 -9999 -9999 -9999 -9999 -9999 -9999 -9999 -9999 -9999 -9999 -9999 -9999 -9999 -9999 -9999 -9999 -9999 -9999 -9999 -9999 -9999 -9999 -9999 -9999 -9999 -9999 -9999 -9999 -9999 -9999 0.105 0.095 0.105 0.095 0.135 0.075 0.085 0.095 0.095 0.105 0.135 0.155 0.085 0.125 0.125 0.105 0.095 0.11 0.075 0.115 0.125 0.135 0.08 0.085 0.07 0.09 0.08 0.08 0.075 0.085 0.085 0.07 0.07 0.085 0.0675 0.07 0.07
-9999 -9999 -9999 -9999 -9999 -9999 -9999 -9999 -9999 -9999 -9999 -9999 -9999 -9999 -9999 -9999 -9999 -9999 -9999 -9999 -9999 -9999 -9999 -9999 -9999 -9999 -9999 -9999 -9999 -9999 -9999 -9999 -9999 -9999 -9999 -9999 -9999 -9999 -9999 -9999 0.115 0.065 0.095 0.095 0.12 0.12 0.135 0.095 0.065 0.075 0.135 0.135 0.155 0.115 0.155 0.07 0.09 0.06 0.075 0.115 0.11 0.12 0.075 0.09 0.075 0.075 0.075 0.085 0.075 0.07 0.08 0.07 0.08 0.08 0.07 0.06 0.06
-9999 -9999 -9999 -9999 -9999 -9999 -9999 -9999 -9999 -9999 -9999 -9999 -9999 -9999 -9999 -9999 -9999 -9999 -9999 -9999 -9999 -9999 -9999 -9999 -9999 -9999 -9999 -9999 -9999 -9999 -9999 -9999 -9999 -9999 -9999 -9999 -9999 -9999 -9999 -9999 0.095 0.065 0.085 0.065 0.135 0.075 0.095 0.095 0.085 0.075 0.12 0.12 0.135 0.135 0.085 0.095 0.085 0.075 0.085 0.105 0.105 0.085 0.085 0.095 0.085 0.075 0.07 0.085 0.08 0.08 0.08 0.08 0.085 0.085 0.07 0.055 0.065
-9999 -9999 -9999 -9999 -9999 -9999 -9999 -9999 -9999 -9999 -9999 -9999 -9999 -9999 -9999 -9999 -9999 -9999 -9999 -9999 -9999 -9999 -9999 -9999 -9999 -9999 -9999 -9999 -9999 -9999 -9999 -9999 -9999 -9999 -9999 -9999 -9999 -9999 -9999 -9999 0.065 0.085 0.095 0.065 0.135 0.11 0.065 0.095 0.105 0.085 0.085 0.135 0.135 0.105 0.075 0.0525 0.065 0.07 0.075 0.055 0.095 0.095 0.07 0.08 0.075 0.075 0.08 0.08 0.085 0.08 0.085 0.08 0.085 0.085 0.06 0.06 0.055
-9999 -9999 -9999 -9999 -9999 -9999 -9999 -9999 -9999 -9999 -9999 -9999 -9999 -9999 -9999 -9999 -9999 -9999 -9999 -9999 -9999 -9999 -9999 -9999 -9999 -9999 -9999 -9999 -9999 -9999 -9999 -9999 -9999 -9999 -9999 -9999 -9999 -9999 -9999 -9999 0.085 0.065 0.08 0.095 0.105 0.085 0.085 0.095 0.105 0.055 0.065 0.06 0.065 0.065 0.055 0.065 0.065 0.055 0.06 0.105 0.085 0.095 0.07 0.1 0.085 0.085 0.08 0.065 0.075 0.08 0.085 0.0675 0.07 0.0675 0.055 0.06 0.0475
-9999 -9999 -9999 -9999 -9999 -9999 -9999 -9999 -9999 -9999 -9999 -9999 -9999 -9999 -9999 -9999 -9999 -9999 -9999 -9999 -9999 -9999 -9999 -9999 -9999 -9999 -9999 -9999 -9999 -9999 -9999 -9999 -9999 -9999 -9999 -9999 -9999 -9999 0.075 0.06 0.07 0.095 0.075 0.095 0.11 0.135 0.11 0.065 0.05 0.07 0.07 0.055 0.06 0.055 0.055 0.055 0.075 0.055 0.065 0.115 0.085 0.0575 0.0675 0.09 0.09 0.085 0.095 0.065 0.1 0.08 0.085 0.07 0.07 0.08 0.06 0.055 0.055
-9999 -9999 -9999 -9999 -9999 -9999 -9999 -9999 -9999 -9999 -9999 -9999 -9999 -9999 -9999 -9999 -9999 -9999 -9999 -9999 -9999 -9999 -9999 -9999 -9999 -9999 -9999 -9999 -9999 -9999 -9999 -9999 -9999 -9999 -9999 -9999 -9999 -9999 0.095 0.055 0.07 0.075 0.11 0.135 0.135 0.075 0.095 0.055 0.065 0.055 0.075 0.06 0.06 0.06 0.055 0.065 0.085 0.11 0.055 0.065 0.055 0.08 0.075 0.075 0.09 0.09 0.09 0.09 0.075 0.07 0.075 0.07 0.06 0.07 0.07 0.06 0.045
-9999 -9999 -9999 -9999 -9999 -9999 -9999 -9999 -9999 -9999 -9999 -9999 -9999 -9999 -9999 -9999 -9999 -9999 -9999 -9999 -9999 -9999 -9999 -9999 -9999 -9999 -9999 -9999 -9999 -9999 -9999 -9999 -9999 -9999 -9999 -9999 -9999 -9999 0.085 0.085 0.07 0.065 0.105 0.135 0.135 0.135 0.085 0.05 0.055 0.055 0.075 0.045 0.0375 0.055 0.0453 0.0575 0.0625 0.045 0.045 0.055 0.08 0.07 0.07 0.075 0.075 0.075 0.075 0.09 0.09 0.07 0.075 0.075 0.07 0.0575 0.0625 0.0625 0.0475
-9999 -9999 -9999 -9999 -9999 -9999 -9999 -9999 -9999 -9999 -9999 -9999 -9999 -9999 -9999 -9999 -9999 -9999 -9999 -9999 -9999 -9999 -9999 -9999 -9999 -9999 -9999 -9999 -9999 -9999 -9999 -9999 -9999 -9999 -9999 -9999 -9999 0.08 0.08 0.075 0.075 0.065 0.055 0.075 0.0475 0.04 0.04 0.04 0.055 0.0455 0.055 0.0444 0.0459 0.05 0.05 0.0455 0.0425 0.0425 0.04 0.045 0.045 0.055 0.045 0.055 0.06 0.08 0.08 0.08 0.075 0.07 0.06 0.07 0.07 0.08 0.06 0.06 0.0406
-9999 -9999 -9999 -9999 -9999 -9999 -9999 -9999 -9999 -9999 -9999 -9999 -9999 -9999 -9999 -9999 -9999 -9999 -9999 -9999 -9999 -9999 -9999 -9999 -9999 -9999 -9999 -9999 -9999 -9999 -9999 -9999 -9999 -9999 -9999 -9999 0.0475 0.06 0.065 0.075 0.075 0.065 0.08 0.055 0.04 0.045 0.04 0.045 0.045 0.045 0.0475 0.0425 0.0575 0.0475 0.0475 0.0455 0.04 0.0285 0.0285 0.0285 0.04 0.0425 0.045 0.055 0.065 0.08 0.08 0.09 0.08 0.06 0.0675 0.08 0.0675 0.0675 0.06 0.06 0.04
-9999 -9999 -9999 -9999 -9999 -9999 -9999 -9999 -9999 -9999 -9999 -9999 -9999 -9999 -9999 -9999 -9999 -9999 -9999 -9999 -9999 -9999 -9999 -9999 -9999 -9999 -9999 -9999 -9999 -9999 -9999 -9999 -9999 -9999 -9999 0.075 0.055 0.085 0.065 0.065 0.06 0.065 0.0443 0.0475 0.0445 0.045 0.045 0.04 0.0455 0.044 0.0475 0.0455 0.0455 0.0455 0.044 0.0348 0.0285 0.0355 0.0355 0.0355 0.0355 0.0285 0.06 0.055 0.07 -9999 0.07 0.06 0.05 0.0675 0.0675 0.06 0.06 0.07 0.07 0.06 0.0484
-9999 -9999 -9999 -9999 -9999 -9999 -9999 -9999 -9999 -9999 -9999 -9999 -9999 -9999 -9999 -9999 -9999 -9999 -9999 -9999 -9999 -9999 -9999 -9999 -9999 -9999 -9999 -9999 -9999 -9999 -9999 -9999 0.0475 0.0348 0.045 0.045 0.055 0.065 0.055 0.05 0.055 0.05 0.04455 0.0445 0.0454 0.035 0.045 0.0445 0.0445 0.0455 0.0475 0.0455 0.0455 0.0348 0.0452 0.0359 0.0285 0.0355 0.0355 0.0355 0.0355 0.0355 0.0285 0.0355 0.08 -9999 0.08 0.055 0.06 0.07 0.06 0.08 0.07 0.07 0.08 0.08 0.0375
-9999 -9999 -9999 -9999 -9999 -9999 -9999 -9999 -9999 -9999 -9999 -9999 -9999 -9999 -9999 -9999 -9999 -9999 -9999 -9999 -9999 -9999 -9999 -9999 -9999 -9999 -9999 -9999 -9999 -9999 0.05 0.045 0.04 0.044 0.055 0.065 0.045 0.055 0.055 0.055 0.04 0.045 0.045 0.045 0.04 0.035 0.0454 0.0348 0.0353 0.0455 0.0475 0.0475 0.0475 0.044 0.0285 0.025 0.0285 0.0355 0.0355 0.0355 0.0355 0.0355 0.025 0.025 0.025 0.045 0.08 0.0625 0.06 0.0575 0.08 0.07 0.07 -9999 -9999 0.07 0.06
-9999 -9999 -9999 -9999 -9999 -9999 -9999 -9999 -9999 -9999 -9999 -9999 -9999 -9999 -9999 -9999 -9999 -9999 -9999 -9999 -9999 -9999 -9999 -9999 -9999 -9999 -9999 -9999 -9999 -9999 0.0455 0.05 0.04 0.0475 0.05 0.075 0.055 0.045 0.04 0.045 0.045 0.035 0.035 0.04 0.04 0.035 0.035 0.0345 0.0345 0.0353 0.0457 0.0353 0.0348 0.0345 0.0285 0.0285 0.0285 0.0355 0.0355 0.0355 0.0355 0.0355 0.03 0.03 0.03 0.025 0.0325 0.045 0.055 0.055 -9999 -9999 -9999 -9999 -9999 -9999 -9999
-9999 -9999 -9999 -9999 -9999 -9999 -9999 -9999 -9999 -9999 -9999 -9999 -9999 -9999 -9999 -9999 -9999 -9999 -9999 -9999 -9999 -9999 -9999 -9999 -9999 -9999 -9999 -9999 0.0475 0.0449 0.045 0.045 0.05 0.05 0.0443 0.055 0.045 0.045 0.035 0.03 0.035 0.035 0.03 0.035 0.045 0.0447 0.0347 0.0454 0.0347 0.0447 0.0458 0.0447 0.0285 0.0285 0.0285 0.0285 0.0285 0.0355 0.0285 0.0355 0.0355 0.0355 0.0355 0.0355 0.0355 0.03 0.0355 -9999 -9999 -9999 0.0355 0.0355 -9999 0.1 0.1 0.2 -9999
-9999 -9999 -9999 -9999 -9999 -9999 -9999 -9999 -9999 -9999 -9999 -9999 -9999 -9999 -9999 -9999 -9999 -9999 -9999 -9999 -9999 -9999 -9999 -9999 -9999 -9999 -9999 -9999 0.04 0.04 0.0475 0.055 0.0455 0.0455 0.05 0.04 0.045 0.045 0.045 0.03 0.035 0.035 0.035 0.0447 0.0447 0.0349 0.0347 0.0457 0.0347 0.0446 0.0446 0.0285 0.0285 0.0285 0.0285 0.0285 0.0285 0.0285 0.0285 0.025 0.0285 0.0355 0.0355 0.0355 0.03 0.025 0.025 0.0355 0.0355 0.0325 0.0355 0.0355 0.0355 0.105 0.105 0.1 0.115
-9999 -9999 -9999 -9999 -9999 -9999 -9999 -9999 -9999 -9999 -9999 -9999 -9999 -9999 -9999 -9999 -9999 -9999 -9999 -9999 -9999 -9999 -9999 -9999 -9999 -9999 -9999 0.0575 0.045 0.065 0.075 0.0455 0.0452 0.065 0.04 0.04 0.035 0.035 0.035 0.035 0.035 0.035 0.035 0.0285 0.0285 0.0349 0.0285 0.0349 0.0448 0.0285 0.0285 0.0285 0.0285 0.0285 0.0285 0.0285 0.0285 0.0285 0.0285 0.0285 0.0285 0.0355 0.0355 0.0355 0.03 0.0355 0.0355 0.0355 0.025 0.025 0.0355 0.0355 0.03 0.105 0.1 0.11 0.11
-9999 -9999 -9999 -9999 -9999 -9999 -9999 -9999 -9999 -9999 -9999 -9999 -9999 -9999 -9999 -9999 -9999 -9999 -9999 -9999 -9999 -9999 -9999 -9999 -9999 -9999 0.0443 0.04 0.055 0.055 0.0475 0.0455 0.0475 0.0575 0.035 0.04 0.04 0.035 0.035 0.035 0.035 0.035 0.025 0.0285 0.0285 0.0285 0.0285 0.0285 0.0285 0.0285 0.0285 0.0285 0.0285 0.0285 0.0285 0.0285 0.0285 0.0285 0.0285 0.0285 0.0285 0.0355 0.0355 0.0355 0.025 0.0355 0.0355 0.03 0.03 0.0355 0.0355 0.0355 0.0355 0.08 0.095 0.12 0.12
-9999 -9999 -9999 -9999 -9999 -9999 -9999 -9999 -9999 -9999 -9999 -9999 -9999 -9999 -9999 -9999 -9999 -9999 -9999 -9999 -9999 -9999 -9999 -9999 -9999 0.04 0.045 0.05 0.065 0.04 0.04 0.04 0.044 0.035 0.0345 0.035 0.045 0.035 0.0441 0.0448 0.025 0.025 0.025 0.025 0.0285 0.0285 0.0285 0.0285 0.0285 0.0285 0.0285 0.0285 0.0285 0.0285 0.0285 0.0285 0.0285 0.0285 0.0285 0.0285 0.0285 0.0285 0.0355 0.0355 0.03 0.0355 0.0355 0.0355 0.0355 0.0355 0.0355 0.0355 0.0355 0.03 0.0355 0.115 0.145
-9999 -9999 -9999 -9999 -9999 -9999 -9999 -9999 -9999 -9999 -9999 -9999 -9999 -9999 -9999 -9999 -9999 -9999 -9999 -9999 -9999 -9999 -9999 -9999 -9999 0.0447 0.045 0.055 0.055 0.04 0.045 0.0353 0.0342 0.0447 0.0456 0.035 0.035 0.035 0.025 0.025 0 0.025 0.025 0.025 0.025 0.0285 0.0285 0.0285 0.0285 0.0285 0.0285 0.0285 0.0285 0.0285 0.0285 0.0285 0.0285 0.0285 0.0285 0.0285 0.0285 0.0285 0.0285 0.0355 0.0355 0.0355 0.0355 0.0355 0.0355 0.0355 0.0355 0.0355 0.0355 0.03 0.0355 0.095 0.115
