GIS/uga_beta.asc
ncols         121
nrows         127
xllcorner     118236.49319105
yllcorner     -163800.7987251
cellsize      5000
NODATA_value  -9999
[rows 70 to 104 of 127, columns 0 to 78 of 121]
-9999 -9999 -9999 -9999 -9999 -9999 -9999 -9999 -9999 -9999 -9999 -9999 -9999 -9999 -9999 0.045 0.045 0.045 0.035 0.0425 0.0425 0.055 -9999 0.05 0.075 0.055 0.055 0.065 0.08 0.07 0.065 0.065 0.095 0.065 0.095 0.065 0.065 0.06 0.055 0.055 0.055 0.055 0.05 0.055 0.055 0.055 0.065 0.06 0.06 0.0525 0.0525 0.05 0.07 0.04 0.055 0.05 0.085 0.055 0.085 0.065 0.065 0.065 0.075 0.105 0.085 0.095 0.095 0.13 0.115 0.135 0.18 0.14 0.19 0.2 0.14 0.13 0.2 0.2 0.24
-9999 -9999 -9999 -9999 -9999 -9999 -9999 -9999 -9999 -9999 -9999 -9999 -9999 -9999 -9999 0.0475 0.045 0.045 0.055 0.04 0.035 0.04 0.045 0.075 0.065 0.065 0.055 0.065 0.075 0.065 0.07 0.06 0.065 0.08 0.065 0.06 0.055 0.055 0.055 0.055 0.06 0.055 0.055 0.0353 0.045 0.07 0.065 0.065 0.055 0.05 0.0525 0.0525 0.045 0.0395 0.07 0.045 0.06 0.07 0.085 0.085 0.085 0.085 0.065 0.08 0.085 0.075 0.105 0.115 0.095 0.115 0.135 0.13 0.135 0.18 0.13 0.17 0.185 0.2 0.19
-9999 -9999 -9999 -9999 -9999 -9999 -9999 -9999 -9999 -9999 -9999 -9999 -9999 -9999 0.045 0.0425 0.035 0.045 0.0375 0.045 0.075 0.065 0.055 0.075 0.07 0.065 0.07 0.085 0.07 0.07 0.06 0.055 0.07 0.065 0.06 0.055 0.06 0.065 0.075 0.055 0.065 0.055 0.045 0.055 0.055 0.055 0.055 0.06 0.05 0.055 0.04 0.07 0.045 0.0475 0.0475 0.0395 0.055 0.05 0.065 0.065 0.085 0.065 0.075 0.085 0.08 0.08 0.105 0.115 0.08 0.11 0.125 0.095 0.13 0.16 0.1 0.13 0.15 0.19 0.24
-9999 -9999 -9999 -9999 -9999 -9999 -9999 -9999 -9999 -9999 -9999 -9999 -9999 -9999 0.045 0.035 0.0425 0.0575 0.0475 0.06 0.055 0.0525 0.05 0.065 0.055 0.065 0.07 0.06 0.06 0.065 0.06 0.095 0.07 0.07 0.055 0.06 0.055 0.065 0.045 0.075 0.055 0.045 0.055 0.05 0.065 0.055 0.055 0.045 0.0475 0.045 0.04 0.04 0.0395 0.0475 0.07 0.0525 0.0525 0.05 0.055 0.07 0.07 0.085 0.075 0.08 0.085 0.095 0.105 0.115 0.095 0.12 0.135 0.125 0.115 0.17 0.12 0.12 0.18 0.19 0.18
-9999 -9999 -9999 -9999 -9999 -9999 -9999 -9999 -9999 -9999 -9999 -9999 -9999 0.045 0.0425 0.0575 0.05 0.055 0.0425 0.065 0.0525 0.06 0.065 0.0525 0.055 0.055 0.065 0.06 0.065 0.065 0.06 0.095 0.095 0.075 0.055 0.055 0.055 0.075 0.055 0.055 0.065 0.045 0.055 0.045 0.045 0.045 0.045 0.045 0.055 0.05 0.045 0.07 0.045 0.0475 0.0395 0.0525 0.05 0.0525 0.05 0.065 0.065 0.065 0.065 0.085 0.075 0.085 0.085 0.095 0.085 0.105 0.135 0.105 0.12 0.17 0.19 0.13 0.17 0.22 0.22
-9999 -9999 -9999 -9999 -9999 -9999 -9999 -9999 -9999 -9999 0.0925 0.085 0.075 0.0525 0.04 0.055 0.055 0.05 0.065 0.065 0.04 0.06 0.06 0.0525 0.0525 0.05 0.05 0.05 0.055 0.065 0.055 0.06 0.08 0.065 0.055 0.065 0.055 0.05 0.075 0.065 0.075 0.045 0.055 0.045 0.045 0.045 0.045 0.045 0.045 0.045 0.045 0.045 0.0475 0.0475 0.0475 0.0525 0.055 0.04 0.04 0.085 0.065 0.075 0.07 0.065 0.0525 0.06 0.085 0.085 0.085 0.11 0.125 0.105 0.115 0.15 0.17 0.12 0.16 0.18 0.24
-9999 -9999 -9999 -9999 -9999 -9999 -9999 -9999 -9999 0.12 0.115 0.08 0.055 0.0525 0.045 0.055 0.0675 0.05 0.065 0.0425 0.06 0.0525 0.055 0.0525 0.04 0.06 0.06 0.0525 0.0525 0.075 0.06 0.07 0.065 0.05 0.05 0.075 0.075 0.075 0.05 0.055 0.075 0.05 0.045 0.045 0.045 0.045 0.045 0.045 0.045 0.045 0.0405 0.045 0.045 0.07 0.05 0.0525 0.0525 0.065 0.0475 0.05 0.085 0.075 0.085 0.075 0.055 0.06 0.08 0.085 0.085 0.115 0.125 0.1 0.115 0.115 0.17 0.18 0.14 0.145 0.15
-9999 -9999 -9999 -9999 -9999 -9999 -9999 -9999 -9999 0.11 0.065 0.065 0.055 0.05 0.05 0.04 0.0525 0.0475 0.05 0.0525 0.075 0.04 0.065 0.04 0.065 0.065 0.055 0.06 0.06 0.065 0.085 0.055 0.055 0.055 0.055 0.055 0.045 0.055 0.045 0.055 0.055 0.055 0.045 0.045 0.045 0.07 0.055 0.05 0.045 0.04 0.035 0.04 0.035 0.045 0.04 0.07 0.04 0.055 0.04 0.055 0.085 0.07 0.065 0.08 0.075 0.085 0.085 0.09 0.095 0.12 0.115 0.1 0.125 0.125 0.21 0.18 0.16 0.17 0.18
-9999 -9999 -9999 -9999 -9999 -9999 -9999 -9999 -9999 0.075 0.06 0.05 0.06 0.04 0.045 0.04 0.0525 0.065 0.0525 0.0525 0.0375 0.0375 0.05 0.06 0.06 0.055 0.06 0.055 0.06 0.07 0.07 0.065 0.055 0.065 0.055 0.075 0.055 0.075 0.055 0.045 0.05 0.055 0.055 0.045 0.045 0.045 0.045 0.045 0.055 0.045 0.045 0.035 0.035 0.04 0.045 0.045 0.05 0.065 0.055 0.055 0.075 0.075 0.075 0.08 0.095 0.06 0.08 0.095 0.095 0.09 0.125 0.095 0.135 0.115 0.19 0.21 0.19 0.17 0.23
-9999 -9999 -9999 -9999 -9999 -9999 -9999 -9999 -9999 0.06 0.06 0 0.0425 0.055 0.06 0.04 0.045 0.05 0.0525 0.045 0.06 0.04 0.06 0.06 0.055 0.0525 0.07 0.07 0.06 0.04 0.06 0.055 0.055 0.075 0.055 0.075 0.055 0.055 0.055 0.055 0.05 0.045 0.045 0.045 0.045 0.045 0.045 0.045 0.045 0.055 0.0525 0.045 0.045 0.045 0.045 0.045 0.045 0.05 0.055 0.06 0.07 0.065 0.085 0.08 0.09 0.075 0.085 0.09 0.085 0.09 0.085 0.095 0.11 0.105 0.16 0.2 0.19 0.18 0.22
-9999 -9999 -9999 -9999 -9999 -9999 -9999 -9999 -9999 0.06 0.06 0 0.0425 0.06 0.065 0.06 0.055 0.0475 0.065 0.04 0.04 0.055 0.05 0.055 0.055 0.0525 0.0525 0.0375 0.065 0.0525 0.06 0.06 0.0525 0.05 0.0525 0.04 0.0525 0.055 0.06 0.05 0.045 0.045 0.045 0.045 0.045 0.055 0.045 0.045 0.045 0.055 0.045 0.045 0.045 0.045 0.0475 0.045 0.045 0.055 0.055 0.045 0.055 0.06 0.075 0.085 0.075 0.06 0.075 0.09 0.085 0.105 0.085 0.115 0.105 0.125 0.14 0.13 0.18 0.16 0.19
-9999 -9999 -9999 -9999 -9999 -9999 -9999 -9999 -9999 0.065 0 0 0.05 0.06 0.07 0.07 0.07 0.0525 0.075 0.06 0.04 0.05 0.075 0.075 0.065 0.0525 0.04 0.065 0.0525 0.065 0.06 0.0525 0.06 0.055 0.0525 0.0525 0.06 0.05 0.055 0.045 0.04 0.045 0.045 0.045 0.045 0.055 0.045 0.045 0.045 0.045 0.045 0.045 0.045 0.045 0.045 0.045 0.055 0.055 0.0525 0.055 0.055 0.065 0.075 0.075 0.08 0.06 0.065 0.09 0.1 0.09 0.105 0.12 0.115 0.115 0.125 0.12 0.17 0.17 0.18
-9999 -9999 -9999 -9999 -9999 -9999 -9999 -9999 -9999 0 0 0.0525 0.06 0.07 0.07 0.06 0.06 0.055 0.065 0.0825 0.0525 0.0525 0.065 0.07 0.0525 0.065 0.065 0.04 0.0475 0.055 0.055 0.05 0.0525 0.065 0.065 0.06 0.05 0.055 0.045 0.045 0.0525 0.045 0.045 0.045 0.045 0.045 0.045 0.045 0.055 0.045 0.045 0.045 0.045 0.045 0.045 0.045 0.045 0.05 0.055 0.06 0.0476 0.055 0.065 0.065 0.08 0.07 0.085 0.07 0.07 0.095 0.105 0.09 0.09 0.125 0.18 0.16 0.17 0.18 0.24
-9999 -9999 -9999 -9999 -9999 -9999 -9999 -9999 -9999 0 0 0.05 0.06 0.075 0.065 0.065 0.065 0.065 0.085 0.09 0.0825 0.0525 0.065 0.07 0.07 0.075 0.075 0.065 0.06 0.06 0.0525 0.0525 0.06 0.045 0.055 0.065 0.065 0.06 0.06 0.055 0.055 0.045 0.045 0.055 0.055 0.045 0.045 0.045 0.055 0.045 0.045 0.045 0.045 0.045 0.04 0.045 0.055 0.055 0.055 0.055 0.055 0.055 0.055 0.06 0.055 0.055 0.07 0.065 0.07 0.09 0.11 0.13 0.105 0.115 0.22 0.16 0.16 0.2 0.2
-9999 -9999 -9999 -9999 -9999 -9999 -9999 -9999 0 0 0 0.04 0.055 0.06 0.055 0.055 0.065 0.075 0.07 0.055 0.05 0.04 0.05 0.065 0.07 0.06 0.06 0.055 0.06 0.055 0.05 0.0525 0.055 0.06 0.0375 0.07 0.055 0.06 0.055 0.05 0.05 0.065 0.045 0.055 0.0525 0.055 0.045 0.0475 0.055 0.045 0.04 0.045 0.04 0.045 0.045 0.045 0.045 0.055 0.06 0.055 0.058 0.055 0.055 0.055 0.065 0.055 0.07 0.06 0.07 0.085 0.095 0.11 0.13 0.135 0.13 0.18 0.23 0.3 0.23
-9999 -9999 -9999 -9999 -9999 -9999 -9999 0 0 0 0.0525 0.05 0.05 0.055 0.065 0.075 0.06 0.085 0.0525 0.0525 0.065 0.0525 0.065 0.06 0.055 0.055 0.07 0.055 0.06 0.06 0.05 0.055 0.055 0.045 0.05 0.07 0.055 0.055 0.055 0.055 0.06 0.055 0.085 0.065 0.05 0.045 0.045 0.055 0.055 0.045 0.045 0.045 0.0395 0.045 0.04 0.04 0.045 0.0525 0.055 0.055 0.0466 0.0476 0.0525 0.065 0.05 0.055 0.045 0.065 0.065 0.09 0.08 0.1 0.11 0.12 0.12 0.13 0.17 0.16 0.18
-9999 -9999 -9999 -9999 -9999 -9999 -9999 0 0 0 0.065 0.06 0.06 0.06 0.055 0.065 0.075 0.085 0.0525 0.06 0.06 0.065 0.0525 0.065 0.065 0.06 0.06 0.065 0.075 0.06 0.07 0.075 0.07 0.06 0.05 0.055 0.065 0.07 0.055 0.07 0.065 0.085 0.065 0.055 0.045 0.04 0.04 0.06 0.0525 0.035 0.045 0.0525 0.055 0.0525 0.035 0.045 0.045 0.045 0.05 0.055 0.0482 0.057 0.06 0.055 0.055 0.045 0.04 0.045 0.05 0.06 0.07 0.075 0.11 0.13 0.09 0.13 0.16 0.2 0.19
-9999 -9999 -9999 -9999 -9999 -9999 -9999 0 0 0 0.07 0.07 0.065 0.065 0.06 0.06 0.065 0.1025 0.0525 0.06 0.07 0.07 0.07 0.07 0.08 0.07 0.06 0.07 0.055 0.06 0.06 0.075 0.06 0.06 0.05 0.055 0.05 0.065 0.07 0.055 0.055 0.055 0.045 0.045 0.075 0.045 0.04 0.0525 0.07 0.0405 0.0525 0.0525 0.045 0.04 0.045 0.045 0.045 0.055 0.055 0.055 0.0475 0.0577 0.055 0.055 0.05 0.045 0.04 0.045 0.04 0.06 0.09 0.1 0.105 0.115 0.115 0.135 0.16 0.18 0.23
-9999 -9999 -9999 -9999 -9999 -9999 0 0 0 0 0.06 0.06 0.065 0.07 0.065 0.075 0.09 0.075 0.05 0.07 0.075 0.07 0.06 0.0675 0.055 0.07 0.055 0.09 0.055 0.075 0.07 0.07 0.09 0.065 0.085 0.065 0.05 0.075 0.065 0.05 0.055 0.055 0.055 0.045 0.075 0.045 0.075 0.045 0.07 0.045 0.048 0.04 0.045 0.045 0.045 0.0465 0.055 0.045 0.045 0.045 0.055 0.06 0.045 0.045 0.05 0.05 0.04 0.045 0.06 0.065 0.095 0.095 0.1 0.13 0.135 0.145 0.17 0.16 0.18
-9999 -9999 -9999 -9999 -9999 -9999 0 0 0 0.07 0.07 0.055 0.075 0.09 0.0675 0.085 0.075 0.055 0.065 0.07 0.04 0.06 0.06 0.06 0.065 0.07 0.07 0.05 0.0475 0.06 0.09 0.065 0.065 0.065 0.05 0.0425 0.065 0.085 0.07 0.055 0.045 0.075 0.055 0.045 0.065 0.075 0.0482 0.045 0.045 0.0465 0.0482 0.0475 0.05 0.05 0.0469 0.04 0.0471 0.045 0.045 0.0469 0.055 0.045 0.0479 0.065 0.065 0.05 0.045 0.05 0.075 0.065 0.085 0.095 0.095 0.095 0.115 0.125 0.14 0.22 0.27
-9999 -9999 -9999 -9999 -9999 -9999 0 0 0 0.065 0.065 0.06 0.06 0.08 0.1 0.085 0.075 0.06 0.09 0.07 0.07 0.07 0.055 0.065 0.06 0.06 0.06 0.065 0.055 0.06 0.075 0.075 0.045 0.0482 0.045 0.0577 0.045 0.085 0.055 0.045 0.075 0.075 0.045 0.075 0.055 0.055 0.075 0.045 0.05 0.0471 0.04 0.04 0.04 0.035 0.0525 0.0525 0.04 0.048 0.05 0.06 0.0473 0.065 0.065 0.065 0.06 0.045 0.045 0.065 0.085 0.085 0.095 0.085 0.115 0.085 0.115 0.13 0.125 0.17 0.27
-9999 -9999 -9999 -9999 0.065 0 0.07 0.055 0.09 0.08 0.08 0.09 0.0925 0.065 0.1 0.085 0.0825 0.085 0.085 0.07 0.06 0.07 0.08 0.065 0.09 0.075 0.075 0.09 0.065 0.065 0.075 0.075 0.08 0.065 0.065 0.0578 0.065 0.075 0.065 0.055 0.075 0.05 0.045 0.045 0.04 0.04 0.045 0.0471 0.045 0.0482 0.0471 0.0469 0.05 0.04 0.04 0.048 0.05 0.05 0.04 0.058 0.058 0.0482 0.0473 0.045 0.06 0.055 0.065 0.065 0.115 0.08 0.085 0.115 0 0.135 0.115 0.125 0.21 0.28 0.32
-9999 -9999 -9999 0.095 0.085 0.07 0.075 0.095 0.09 0.07 0.065 0.08 0.07 0.0925 0.085 0.065 0.06 0.08 0.07 0.07 0.07 0.095 0.07 0.095 0.09 0.08 0.065 0.06 0.065 0.065 0.08 0.08 0.065 0.0675 0.0675 0.06 0.075 0.045 0.065 0.06 0.075 0.045 0.055 0.045 0.04 0.04 0.04 0.035 0.035 0.045 0.0469 0.0475 0.05 0.0525 0.0525 0.048 0.04 0.05 0.0469 0.0469 0.0466 0.058 0.085 0.0476 0.05 0.06 0.075 0.26 0.115 0.105 -9999 -9999 -9999 0 0.18 0.26 0.31 0.26 0.37
-9999 -9999 -9999 0.11 0.11 0.08 0.085 0.08 0.075 0.065 0.075 0.08 0.08 -9999 -9999 0.14 0.07 0.09 0.08 0.085 0.08 0.08 0.07 0.065 0.09 0.08 0.075 0.08 0.065 0.075 0.08 0.075 0.08 0.085 0.085 0.07 0.06 0.055 0.055 0.065 0.075 0.055 0.045 0.075 0.045 0.05 0.0525 0.0465 0.0475 0.035 0.035 0.0375 0.048 0.035 0.0525 0.035 0.06 0.055 0.075 0.0581 0.058 0.0572 0.0569 0.06 0.06 0 0.085 0.115 -9999 -9999 -9999 0.125 0.125 -9999 0.125 0 0 0 0
-9999 -9999 -9999 -9999 0.08 0.075 0.075 0.07 0.13 0.07 0.065 0.13 0.0625 0.075 -9999 0.08 0.07 0.09 0.1 0.08 0.11 0.09 0.095 0.085 0.065 0.065 0.06 0.065 0.08 0.07 0.065 0.07 0.07 0.075 0.06 0.07 0.065 0.045 0.045 0.075 0.045 0.055 0.045 0.045 0.0467 0.0573 0.0474 0.048 0.0425 0.048 0.0375 0.035 0.048 0.0375 0.035 0.0375 0.048 0.045 0.05 0.065 0.058 0.085 0.085 0 -9999 -9999 -9999 -9999 0.135 0.12 0.18 0.12 0.135 0 0.135 0 -9999 -9999 -9999
-9999 -9999 -9999 0.085 0.075 0.07 0.06 0.07 0.11 0.065 0.0925 0.075 0.0825 0.085 0.1 0.065 0.09 0.1 0.08 0.095 0.09 0.085 0.085 0.08 0.065 0.065 0.07 0.08 0.07 0.07 0.08 0.07 0.08 0.085 0.065 0.075 0.07 0.085 0.055 0.055 0.045 0.0577 0.0575 0.045 0.0481 0.045 0.0482 0.0525 0.04 0.0469 0.0525 0.035 0.035 0.045 0.048 0.045 0.045 0.075 0.075 0.06 0 -9999 -9999 -9999 -9999 -9999 -9999 -9999 -9999 0 0.135 0.125 0.19 -9999 -9999 -9999 -9999 -9999 -9999
-9999 -9999 -9999 0 0.0925 0.07 0.07 0.075 0.11 0.075 0.075 0.075 0.09 0.085 0.09 0.1 0.07 0.08 0.08 0.095 0.07 0.075 0.075 0.07 0.07 0.085 0.07 0.08 0.065 0.07 0.085 0.07 0.08 0.08 0.0569 0.065 0.07 0.085 0.065 0.055 0.055 0.0476 0.045 0.045 0.0567 0.0573 0.0476 0.0465 0.045 0.045 0.0471 0.048 0.0525 0.0481 0.045 0.045 -9999 -9999 0 -9999 -9999 -9999 -9999 -9999 -9999 -9999 -9999 0.095 0.115 0.125 0.115 0.125 0.135 -9999 -9999 -9999 -9999 -9999 -9999
-9999 -9999 -9999 -9999 0.085 0.08 0.06 0.07 0.09 0.065 0.12 0.125 0.09 0.145 0.1 0.085 0.09 0.08 0.06 0.08 0.06 0.07 0.07 0.065 0.065 0.07 0.085 0.07 0.075 0.085 0.07 0.065 0.08 0.065 0.055 0.07 0.055 0.06 0.075 0.075 0.075 0.058 0.055 0.058 0.0475 0.055 0.0425 0.05 0.0476 0.05 0.048 0.04 0.045 -9999 -9999 -9999 -9999 -9999 -9999 0 0.075 -9999 -9999 -9999 -9999 -9999 -9999 -9999 -9999 0 0.13 0.115 -9999 -9999 -9999 -9999 -9999 -9999 -9999
-9999 -9999 -9999 -9999 -9999 0.13 0.14 0.09 0.085 0.095 0.165 0.115 0.09 0.12 0.09 0.075 0.135 0.065 0.06 0.09 0.075 0.07 0.07 0.09 0.095 0.065 0.07 0.08 0.075 0.07 0.075 0.08 0.07 0.07 0.065 0.06 0.085 0.045 0.0474 0.057 0.0579 0.055 0.055 0.0581 0.0471 0.055 0.045 0.045 0.045 0.0476 0.045 0.05 0.055 0.075 -9999 -9999 -9999 -9999 -9999 0 0.065 0.055 -9999 -9999 -9999 -9999 -9999 -9999 -9999 -9999 -9999 -9999 -9999 -9999 -9999 -9999 -9999 -9999 -9999
-9999 -9999 -9999 -9999 -9999 -9999 0 0.08 0.12 0.1 0.135 0.11 0.115 0.1 0.11 0.145 0.135 0.065 0.0525 0.07 0.06 0.04 0.07 0.075 0.075 0.065 0.085 0.08 0.08 0.08 0.065 0.065 0.07 0.065 0.065 0.0569 0.075 0.0572 0.058 0.055 0.0575 0.0476 0.045 0.0474 0.0471 0.055 0.06 0.045 0.045 0.0476 0.04 0.04 0.045 0.045 0 0.075 0.045 0.075 0.06 -9999 0 0.085 0.095 0 0 -9999 0.085 0.095 -9999 -9999 -9999 -9999 -9999 -9999 -9999 -9999 -9999 -9999 -9999
-9999 -9999 -9999 -9999 -9999 -9999 0 0.09 0.145 0.145 0.115 0.115 0.12 0.12 0.135 0.13 0.075 0.085 0.045 0.0525 0.035 0.04 0.07 0.07 0.065 0.065 0.08 0.07 0.065 0.07 0.08 0.07 0.07 0.07 0.0675 0.0583 0.058 0.0583 0.0581 0.065 0.0583 0.0572 0.045 0.0482 0.0582 0.055 0.045 0.0474 0.045 0.055 0.0469 0.04 0.075 0.075 0.045 0.07 0.055 0.075 0.07 0 0 -9999 0.105 0.105 -9999 -9999 -9999 -9999 -9999 -9999 -9999 -9999 -9999 -9999 -9999 -9999 -9999 -9999 0.2
-9999 -9999 -9999 -9999 -9999 -9999 0.135 0.115 0.135 0.13 0.135 0.11 0.12 0.19 0.125 0.085 0.085 0.08 0.0525 0.0425 0.0475 0.065 0.08 0.075 0.065 0.065 0.08 0.08 0.075 0.08 0.065 0.07 0.07 0.08 0.0572 0.0479 0.0581 0.0581 0.0565 0.0625 0.08 0.06 0.0483 0.055 0.06 0.045 0.05 0.06 0.04 0.045 0.0482 0.0476 0.075 0.045 0.075 0.075 0.065 0.045 0.075 0.0569 0.065 0.055 0.085 0.12 0.12 0.115 0.095 0.105 -9999 -9999 0.145 -9999 -9999 -9999 -9999 -9999 -9999 -9999 -9999
-9999 -9999 -9999 -9999 0 0.16 0.09 0.135 0.165 0.165 0.115 0.115 0.11 0.12 0.185 0.075 0.075 0.085 0.065 0.055 0.06 0.06 0.07 0.09 0.075 0.08 0.065 0.08 0.07 0.08 0.08 0.08 0.065 0.08 0.06 0.0581 0.0479 0.05 0.045 0.06 0.055 0.065 0.065 0.045 0.045 0.045 0.0582 0.045 0.045 0.058 0.0469 0.055 0.045 0.075 -9999 -9999 -9999 -9999 0.095 0.08 0.075 0.065 0.085 0.115 0.115 0.17 0.155 -9999 -9999 -9999 -9999 -9999 -9999 -9999 -9999 -9999 -9999 -9999 -9999
-9999 -9999 -9999 0.06 0.065 0.075 0.105 0.135 0.19 0.12 0.21 0.11 0.12 0.14 0.11 0.095 0.095 0.065 0.075 0.08 0.07 0.09 0.08 0.08 0.075 0.07 0.07 0.08 0.08 0.08 0.08 0.08 0.065 0.07 0.075 0.055 0.0475 0.045 0.055 0.055 0.065 0.065 0.065 0.0577 0.0582 0.06 0.065 0.0576 0.0582 0.057 0.0476 0.05 0.055 0 -9999 -9999 -9999 0 0.085 0.065 0.085 0.09 0.105 0 0.115 0.14 0 -9999 -9999 -9999 -9999 -9999 -9999 -9999 -9999 -9999 -9999 -9999 -9999
-9999 -9999 0.065 0.095 0.065 0.095 0.115 0.23 0.135 0.085 0.115 0.09 0.12 0.12 0.115 0.115 0.12 0.1 0.085 0.1 0.085 0.085 0.07 0.065 0.08 0.07 0.07 0.08 0.07 0.07 0.07 0.08 0.065 0.08 0.07 0.0581 0.0573 0.058 0.058 0.06 0.0479 0.0625 0.0572 0.065 0.0565 0.0572 0.065 0.08 0.0625 0.0479 0.045 0.07 -9999 -9999 -9999 -9999 -9999 0.115 0.105 0.085 0.065 0.11 0.095 -9999 0.115 0.115 -9999 -9999 -9999 -9999 -9999 -9999 -9999 -9999 -9999 -9999 -9999 -9999 -9999
