GIS/uga_pfpr2to10.asc
ncols         121
nrows         127
xllcorner     118236.49319105
yllcorner     -163800.7987251
cellsize      5000
NODATA_value  -9999
[rows 54 to 80 of 127, columns 0 to 60 of 121]
-9999 -9999 -9999 -9999 -9999 -9999 -9999 -9999 -9999 -9999 -9999 -9999 -9999 -9999 -9999 -9999 -9999 -9999 -9999 -9999 -9999 -9999 -9999 -9999 -9999 -9999 -9999 -9999 -9999 -9999 -9999 -9999 -9999 -9999 -9999 -9999 -9999 -9999 0.07498587 0.06907263 0.07593655 0.07056331 0.08236498 0.1223907 0.1291098 0.1278542 0.06594536 0.05838753 0.06931734 0.06215857 0.05473598 0.05314642 0.04695893 0.05350939 0.05917327 0.05785827 0.0704711 0.07256006 0.06805288 0.0772871 0.1002292
-9999 -9999 -9999 -9999 -9999 -9999 -9999 -9999 -9999 -9999 -9999 -9999 -9999 -9999 -9999 -9999 -9999 -9999 -9999 -9999 -9999 -9999 -9999 -9999 -9999 -9999 -9999 -9999 -9999 -9999 -9999 -9999 -9999 -9999 -9999 -9999 -9999 -9999 0.0570537 0.07581159 0.078229 0.06293296 0.06919432 0.1194286 0.1208076 0.1083574 0.06623291 0.04869596 0.06582791 0.0507585 0.04879552 0.04642082 0.05228113 0.05135726 0.05821281 0.06611797 0.06160935 0.05944544 0.07924443 0.1035419 0.1086863
-9999 -9999 -9999 -9999 -9999 -9999 -9999 -9999 -9999 -9999 -9999 -9999 -9999 -9999 -9999 -9999 -9999 -9999 -9999 -9999 -9999 -9999 -9999 -9999 -9999 -9999 -9999 -9999 -9999 -9999 -9999 -9999 -9999 -9999 -9999 -9999 -9999 0.06511586 0.0732825 0.07807985 0.06718194 0.07750849 0.06226475 0.05475616 0.04812357 0.04666044 0.04231358 0.04603961 0.0461092 0.04393484 0.04357893 0.05359029 0.05976654 0.0509959 0.05919796 0.06253131 0.05497708 0.05447939 0.05714019 0.06560445 0.07234466
-9999 -9999 -9999 -9999 -9999 -9999 -9999 -9999 -9999 -9999 -9999 -9999 -9999 -9999 -9999 -9999 -9999 -9999 -9999 -9999 -9999 -9999 -9999 -9999 -9999 -9999 -9999 -9999 -9999 -9999 -9999 -9999 -9999 -9999 -9999 -9999 0.09231468 0.07905062 0.09284756 0.07994758 0.06281269 0.0677615 0.05422178 0.05748676 0.05310695 0.04439933 0.0472947 0.05286955 0.0476011 0.03946215 0.04607166 0.04726762 0.04995239 0.05002435 0.05295542 0.0465702 0.04918994 0.04824788 0.05456731 0.05705079 0.05776358
-9999 -9999 -9999 -9999 -9999 -9999 -9999 -9999 -9999 -9999 -9999 -9999 -9999 -9999 -9999 -9999 -9999 -9999 -9999 -9999 -9999 -9999 -9999 -9999 -9999 -9999 -9999 -9999 -9999 -9999 -9999 -9999 -9999 -9999 -9999 0.07237907 0.06504802 0.08764922 0.08664495 0.07906685 0.0670725 0.06756804 0.05901524 0.05942014 0.04609919 0.04534497 0.04581064 0.04776026 0.04231245 0.037446 0.04532619 0.03861414 0.04201553 0.04477078 0.04209069 0.04314011 0.04552038 0.05334381 0.06057985 0.07404543 0.07303403
-9999 -9999 -9999 -9999 -9999 -9999 -9999 -9999 -9999 -9999 -9999 -9999 -9999 -9999 -9999 -9999 -9999 -9999 -9999 -9999 -9999 -9999 -9999 -9999 -9999 -9999 -9999 -9999 -9999 -9999 -9999 -9999 0.06106759 0.04866624 0.04666896 0.0729618 0.08223318 0.0776597 0.07787734 0.07043559 0.06055001 0.0559525 0.04588917 0.04846722 0.04224692 0.03945586 0.0431169 0.04361052 0.04349096 0.04162988 0.04599288 0.03920966 0.03949648 0.03644823 0.03661466 0.04207513 0.04674343 0.05982099 0.07167362 0.08093422 0.08099385
-9999 -9999 -9999 -9999 -9999 -9999 -9999 -9999 -9999 -9999 -9999 -9999 -9999 -9999 -9999 -9999 -9999 -9999 -9999 -9999 -9999 -9999 -9999 -9999 -9999 -9999 -9999 -9999 -9999 -9999 0.05652137 0.04697984 0.04338102 0.04432839 0.06418101 0.0772331 0.07670429 0.08046221 0.0770032 0.05904365 0.05203456 0.04780395 0.04584888 0.0456725 0.04195499 0.04074024 0.04086722 0.04155889 0.04172041 0.04216495 0.04297517 0.04795687 0.04384477 0.04337423 0.03354072 0.04413678 0.04874549 0.06296483 0.06109157 0.06648787 0.08021799
-9999 -9999 -9999 -9999 -9999 -9999 -9999 -9999 -9999 -9999 -9999 -9999 -9999 -9999 -9999 -9999 -9999 -9999 -9999 -9999 -9999 -9999 -9999 -9999 -9999 -9999 -9999 -9999 -9999 -9999 0.04300059 0.05478846 0.04119477 0.05593764 0.06504533 0.06467219 0.06853963 0.06837019 0.06109702 0.06075947 0.0516247 0.05146371 0.04481045 0.04246223 0.04076313 0.03883387 0.0443909 0.04251622 0.03747978 0.03776243 0.03263387 0.03465184 0.03884378 0.0344644 0.0355963 0.04072666 0.04726293 0.05865208 0.05906473 0.06441843 0.0677728
-9999 -9999 -9999 -9999 -9999 -9999 -9999 -9999 -9999 -9999 -9999 -9999 -9999 -9999 -9999 -9999 -9999 -9999 -9999 -9999 -9999 -9999 -9999 -9999 -9999 -9999 -9999 -9999 0 0.04023272 0.04043305 0.04532835 0.05197753 0.06284918 0.05865972 0.06479951 0.06025781 0.06543031 0.05120474 0.03341507 0.04098791 0.04273383 0.03722385 0.03998711 0.0419612 0.04017189 0.04441858 0.04297855 0.03800775 0.03261597 0.03239876 0.03033985 0.03058284 0.03283747 0.04091628 0.04092418 0.04222317 0.05064411 0.0549636 0.06412376 0.06767391
-9999 -9999 -9999 -9999 -9999 -9999 -9999 -9999 -9999 -9999 -9999 -9999 -9999 -9999 -9999 -9999 -9999 -9999 -9999 -9999 -9999 -9999 -9999 -9999 -9999 -9999 -9999 -9999 0.04091775 0.03624938 0.03800527 0.04554316 0.04557183 0.05245227 0.05058711 0.05211011 0.06149508 0.06938875 0.0635133 0.04508866 0.0436646 0.04461487 0.04009807 0.03743998 0.04487294 0.03765548 0.04033184 0.04233523 0.03723436 0.03348116 0.03096849 0.0302931 0.03309618 0.03718301 0.04178197 0.04445717 0.04087676 0.04191016 0.04817619 0.05012286 0.05001385
-9999 -9999 -9999 -9999 -9999 -9999 -9999 -9999 -9999 -9999 -9999 -9999 -9999 -9999 -9999 -9999 -9999 -9999 -9999 -9999 -9999 -9999 -9999 -9999 -9999 -9999 -9999 0.06286076 0.04586829 0.05131865 0.05764064 0.04951252 0.05558719 0.09116509 0.05028758 0.05665822 0.05845779 0.06433914 0.05248205 0.04637509 0.04311346 0.04711775 0.04112554 0.03613048 0.03932025 0.03533519 0.03439906 0.03089368 0.03122156 0.03034388 0.02926521 0.03457176 0.03555677 0.04116435 0.04257038 0.04269703 0.04489573 0.04027035 0.04210458 0.04418509 0.05387335
-9999 -9999 -9999 -9999 -9999 -9999 -9999 -9999 -9999 -9999 -9999 -9999 -9999 -9999 -9999 -9999 -9999 -9999 -9999 -9999 -9999 -9999 -9999 -9999 -9999 -9999 0.04273393 0.06388346 0.06083945 0.04582178 0.0632733 0.06687353 0.06879516 0.05308306 0.05292948 0.0488156 0.05343164 0.04217811 0.04337884 0.04748239 0.03547889 0.03566353 0.03645047 0.0416125 0.0367084 0.03669834 0.03707759 0.0393765 0.03558049 0.03411195 0.02807088 0.03168758 0.0337183 0.03304109 0.036201 0.04177854 0.04239795 0.04173391 0.04064699 0.03641956 0.04200377
-9999 -9999 -9999 -9999 -9999 -9999 -9999 -9999 -9999 -9999 -9999 -9999 -9999 -9999 -9999 -9999 -9999 -9999 -9999 -9999 -9999 -9999 -9999 -9999 -9999 0.03641738 0.04193095 0.05843437 0.06356668 0.04806659 0.05167477 0.05288119 0.04450291 0.04667835 0.05029462 0.05247299 0.05319335 0.04216659 0.04005481 0.03603206 0.03475545 0.03503685 0.03943695 0.0409502 0.03607531 0.03773704 0.04102903 0.03752344 0.03597828 0.03411505 0.03116913 0.02723999 0.03225103 0.03073169 0.03271241 0.03620556 0.03875288 0.0406073 0.03558837 0.03876963 0.04653132
-9999 -9999 -9999 -9999 -9999 -9999 -9999 -9999 -9999 -9999 -9999 -9999 -9999 -9999 -9999 -9999 -9999 -9999 -9999 -9999 -9999 -9999 -9999 -9999 -9999 0.03924299 0.0504594 0.04328446 0.04880245 0.04741285 0.05009985 0.04798196 0.05176644 0.04788202 0.0476559 0.0437497 0.04331745 0.04198004 0.0406827 0.03497041 0.03524497 0.0393848 0.03835775 0.03786224 0.03219564 0.03700641 0.03614114 0.03148992 0.03300021 0.02963659 0.03210845 0.02831905 0.03144176 0.03081581 0.03211747 0.03464584 0.03788921 0.03743254 0.03991785 0.03776657 0.04528941
-9999 -9999 -9999 -9999 -9999 -9999 -9999 -9999 -9999 -9999 -9999 -9999 -9999 -9999 -9999 -9999 -9999 0.02775173 0.0317595 0.02750083 0.02817196 -9999 -9999 -9999 0 0.04209898 0.05078087 0.04278184 0.04235871 0.0398768 0.05309263 0.04115348 0.04020125 0.04257532 0.0429206 0.05077581 0.05162423 0.04322555 0.04864686 0.0396594 0.03650607 0.03339659 0.03954886 0.03696153 0.03754492 0.03690505 0.03765982 0.03713393 0.03309455 0.03713841 0.03323058 0.02715248 0.03190052 0.03174534 0.0317021 0.03219599 0.03296527 0.03649797 0.03951916 0.04100366 0.04011748
-9999 -9999 -9999 -9999 -9999 -9999 -9999 -9999 -9999 -9999 -9999 -9999 -9999 -9999 -9999 0.03046209 0.0370492 0.03790797 0.03756629 0.03262641 0.02486448 -9999 -9999 0 0.03684746 0.03501431 0.04053164 0.03948211 0.04337006 0.0448817 0.04189847 0.04613089 0.04425206 0.04590191 0.04494252 0.052178 0.05227812 0.04701926 0.04578873 0.04556461 0.04293005 0.03370231 0.03655228 0.03893223 0.03834987 0.03671661 0.03444321 0.03335034 0.03456466 0.0333683 0.03273578 0.02746127 0.02893556 0.03388422 0.03383807 0.03496274 0.03522384 0.04203926 0.03946185 0.04136698 0.0415626
-9999 -9999 -9999 -9999 -9999 -9999 -9999 -9999 -9999 -9999 -9999 -9999 -9999 -9999 -9999 0.02955244 0.03649968 0.03259255 0.03402393 0.03581193 0.02538904 0.03818729 -9999 0.03848858 0.03491132 0.03654582 0.03384154 0.04362291 0.05236909 0.05048075 0.04859802 0.05210906 0.05230556 0.04994242 0.05220852 0.05225841 0.04972018 0.04700547 0.04518005 0.04102011 0.03874365 0.04090428 0.03363295 0.03297143 0.03545829 0.03810072 0.03477683 0.03447554 0.03710089 0.03149269 0.03122036 0.03272081 0.02859184 0.03055674 0.03202724 0.03253132 0.03566585 0.03690828 0.04071831 0.04314709 0.04346536
-9999 -9999 -9999 -9999 -9999 -9999 -9999 -9999 -9999 -9999 -9999 -9999 -9999 -9999 -9999 0.0343407 0.03153735 0.0325021 0.03801329 0.03633421 0.03388418 0.03400129 0.0305841 0.03022189 0.04674613 0.04469166 0.03934417 0.04407539 0.05506236 0.05167497 0.04820299 0.04685498 0.05531919 0.05303686 0.05118046 0.04786248 0.05265942 0.0434079 0.03602311 0.03552768 0.03981138 0.03486687 0.04082743 0.03078738 0.0314928 0.04010682 0.03937886 0.03869 0.03389318 0.03248914 0.03158939 0.03084301 0.02951877 0.0257364 0.02916839 0.02931229 0.03467171 0.03594542 0.04005931 0.04115492 0.03999448
-9999 -9999 -9999 -9999 -9999 -9999 -9999 -9999 -9999 -9999 -9999 -9999 -9999 -9999 0.03085354 0.0357576 0.03342618 0.03656481 0.03435571 0.03642718 0.04715106 0.04210898 0.03929096 0.04183675 0.04676245 0.0484207 0.05107357 0.05626853 0.0533621 0.05091666 0.04900522 0.04503274 0.04715531 0.04878193 0.04015958 0.04149982 0.04135857 0.0431084 0.03688528 0.03494947 0.0428526 0.03914418 0.03445685 0.03566927 0.03200501 0.03670218 0.03575779 0.03708265 0.03474199 0.03177556 0.02992818 0.02874943 0.02944241 0.02659214 0.02789553 0.02633548 0.03417179 0.03354611 0.03966135 0.03971558 0.04196821
-9999 -9999 -9999 -9999 -9999 -9999 -9999 -9999 -9999 -9999 -9999 -9999 -9999 -9999 0.0322404 0.03374023 0.03534491 0.03732812 0.04262717 0.04610432 0.03894804 0.03735438 0.03811673 0.03734961 0.04903731 0.04681597 0.05177947 0.04076137 0.04797071 0.04686898 0.04627972 0.05101282 0.04825523 0.04832149 0.04338821 0.03835941 0.03959073 0.04096309 0.03438335 0.03641811 0.03541045 0.03423065 0.03744202 0.03465112 0.03557115 0.03323817 0.03244149 0.02986526 0.03098142 0.02909103 0.02991972 0.03029716 0.02655267 0.02682237 0.02841041 0.03079305 0.03140375 0.03329419 0.03434279 0.0364066 0.0360122
-9999 -9999 -9999 -9999 -9999 -9999 -9999 -9999 -9999 -9999 -9999 -9999 -9999 0.03321313 0.03540896 0.03728043 0.04083548 0.03822555 0.03569116 0.04144237 0.03782285 0.04633461 0.04145777 0.03905628 0.03922934 0.04211312 0.04305443 0.04813967 0.04538541 0.04495786 0.04791299 0.05102101 0.05115509 0.04437576 0.03838315 0.03849164 0.04167827 0.03786584 0.03901595 0.03864377 0.04133577 0.03413112 0.03309974 0.03131282 0.02964698 0.0315685 0.02793456 0.02668727 0.03114838 0.02772659 0.02823013 0.02869526 0.02923044 0.02804111 0.02654817 0.03166741 0.03246493 0.03121784 0.03298477 0.0374359 0.03805133
-9999 -9999 -9999 -9999 -9999 -9999 -9999 -9999 -9999 -9999 0.0573522 0.0667381 0.05560186 0.04017477 0.03520078 0.03995038 0.04199768 0.04012777 0.04059764 0.04069034 0.03550422 0.03915457 0.04613632 0.04511625 0.03624051 0.03750138 0.0379018 0.03696259 0.03880319 0.0413162 0.04295326 0.04016093 0.04451289 0.04643596 0.0406133 0.0419654 0.03750166 0.03403049 0.0373283 0.0418417 0.0372469 0.03165465 0.03211322 0.02788492 0.02799695 0.02800056 0.02555445 0.02376792 0.0261566 0.02838992 0.02504525 0.02813964 0.02777521 0.02710805 0.0278367 0.0309679 0.03678016 0.03043064 0.03057049 0.03543362 0.04259555
-9999 -9999 -9999 -9999 -9999 -9999 -9999 -9999 -9999 0.07402398 0.07177004 0.07842066 0.04416042 0.03907576 0.03313371 0.04208896 0.04780164 0.0407748 0.04036441 0.03559865 0.04288009 0.03674896 0.04286886 0.04187576 0.03629077 0.04591308 0.04156521 0.03695491 0.03803386 0.0532975 0.04688035 0.04736335 0.04227139 0.03790049 0.03373837 0.03770318 0.036173 0.03709431 0.03396378 0.03581887 0.03672782 0.03396835 0.02800991 0.02882198 0.0242575 0.0253089 0.02789711 0.02557337 0.02609222 0.02468437 0.02389139 0.02365755 0.02840191 0.02872902 0.03259146 0.0309077 0.03102587 0.03744058 0.02786287 0.03348627 0.04036895
-9999 -9999 -9999 -9999 -9999 -9999 -9999 -9999 -9999 0.05894968 0.05549747 0.04594505 0.04171615 0.02759328 0.03170073 0.03434574 0.0363647 0.04027566 0.03819661 0.04013151 0.03292592 0.03319992 0.03609513 0.03412407 0.04572447 0.04479024 0.04659849 0.05400265 0.04859232 0.04377687 0.05091111 0.04148917 0.0386945 0.04143129 0.03986459 0.0374142 0.0408425 0.0367676 0.03282977 0.03127433 0.03424249 0.03555015 0.03303015 0.03098067 0.03040322 0.02598631 0.02741847 0.0304222 0.03078877 0.02572433 0.02410698 0.02180172 0.01931231 0.02078207 0.02617632 0.03052769 0.0334293 0.03781972 0.0319102 0.03505078 0.04135086
-9999 -9999 -9999 -9999 -9999 -9999 -9999 -9999 -9999 0.04959802 0.05145067 0.03827111 0 0.02951692 0.03830067 0.0394849 0.03640233 0.03613352 0.03176593 0.0372375 0.04197272 0.03823153 0.03769433 0.04489669 0.0435158 0.04402815 0.04480621 0.05006851 0.04793619 0.04019854 0.03886698 0.03627983 0.03804646 0.03734681 0.03926593 0.04165087 0.03603886 0.03695726 0.0328652 0.03404358 0.03170143 0.03336705 0.03325943 0.02976201 0.02634788 0.02408863 0.02621631 0.02545238 0.03056476 0.02660987 0.02445874 0.02550131 0.02428723 0.02447211 0.0237252 0.02656347 0.02998282 0.0344767 0.03285022 0.03925452 0.04043245
-9999 -9999 -9999 -9999 -9999 -9999 -9999 -9999 -9999 0.05089854 0.04791514 0.04660968 0.02525317 0.03949755 0.04663315 0.03120185 0.03414504 0.0371028 0.03848723 0.03170577 0.04008069 0.03395315 0.03953332 0.04192948 0.04504467 0.03890533 0.04432325 0.04327555 0.04280259 0.03560524 0.04139204 0.04255664 0.03970523 0.03726165 0.03608256 0.03683342 0.03463593 0.03840614 0.03301705 0.03457448 0.03449266 0.03002987 0.02900568 0.02781101 0.02679831 0.02854547 0.02442933 0.02360523 0.02312939 0.03170187 0.03158832 0.02851763 0.02673734 0.02791221 0.02926531 0.02991521 0.03085005 0.0331837 0.03077604 0.03875532 0.0403561
-9999 -9999 -9999 -9999 -9999 -9999 -9999 -9999 -9999 0.04574579 0.04748968 0.04840112 0.02750083 0.0458786 0.04948585 0.04646 0.04421199 0.03414925 0.04158025 0.0348605 0.03337526 0.04466229 0.03882482 0.0388311 0.04046147 0.03902472 0.03698406 0.03304453 0.04060214 0.03819666 0.04865121 0.03970651 0.03978599 0.03845549 0.03876654 0.0349487 0.03639535 0.0378571 0.03692079 0.03477889 0.02861502 0.03137995 0.0293372 0.02868117 0.03098598 0.03252484 0.02911368 0.02612568 0.02832281 0.03168991 0.02900607 0.02852575 0.029637 0.02625784 0.02734632 0.02922166 0.02740976 0.03264571 0.0323302 0.03154556 0.03583546
