GIS/uga_beta.asc
ncols         121
nrows         127
xllcorner     118236.49319105
yllcorner     -163800.7987251
cellsize      5000
NODATA_value  -9999
[rows 33 to 65 of 127, columns 0 to 74 of 121]
-9999 -9999 -9999 -9999 -9999 -9999 -9999 -9999 -9999 -9999 -9999 -9999 -9999 -9999 -9999 -9999 -9999 -9999 -9999 -9999 -9999 -9999 -9999 -9999 -9999 -9999 -9999 -9999 0.188 0.177 0.174 0.127 0.171 0.14 0.171 0.162 0.217 0.226 0.188 0.143 0.17 0.127 0.1175 0.1165 0.102 0.1225 0.117 0.102 0.1195 0.1165 0.102 0.139 0.1085 0.092 0.1155 0.085 0.115 0.131 0.116 0.097 0.096 0.08 0.102 0.096 0.078 0.0995 0.0905 0.0895 0.059 0.0795 0.0785 0.061 0.0588 0.0442 0.0465
-9999 -9999 -9999 -9999 -9999 -9999 -9999 -9999 -9999 -9999 -9999 -9999 -9999 -9999 -9999 -9999 -9999 -9999 -9999 -9999 -9999 -9999 -9999 -9999 -9999 -9999 -9999 -9999 0.181 0.186 0.201 0.243 0.185 0.19 0.148 0.171 0.176 0.204 0.169 0.226 0.139 0.172 0.109 0.1295 0.139 0.1225 0.1195 0.129 0.1195 0.1015 0.103 0.112 0.1255 0.113 0.113 0.106 0.113 0.1125 0.102 0.113 0.107 0.113 0.081 0.085 0.07 0.107 0.0805 0.0555 0.051 0.071 0.064 0.0529 0.0428 0.0431 0.047
-9999 -9999 -9999 -9999 -9999 -9999 -9999 -9999 -9999 -9999 -9999 -9999 -9999 -9999 -9999 -9999 -9999 -9999 -9999 -9999 -9999 -9999 -9999 -9999 -9999 -9999 -9999 0.212 0.192 0.1835 0.201 0.1585 0.155 0.206 0.155 0.202 0.227 0.216 0.216 0.194 0.114 0.1065 0.104 0.102 0.108 0.0925 0.1295 0.126 0.1195 0.1125 0.123 0.1165 0.1165 0.119 0.111 0.137 0.1315 0.137 0.131 0.112 0.102 0.113 0.1005 0.131 0.088 0.0707 0.0685 0.076 0.0713 0.071 0.091 0.047 0.0426 0.0315 0.0451
-9999 -9999 -9999 -9999 -9999 -9999 -9999 -9999 -9999 -9999 -9999 -9999 -9999 -9999 -9999 -9999 -9999 -9999 -9999 -9999 -9999 -9999 -9999 -9999 -9999 -9999 -9999 0.1825 0.228 0.224 0.208 0.192 0.208 0.177 0.201 0.252 0.162 0.19 0.202 0.19075 0.145 0.07 0.0985 0.137 0.104 0.1295 0.1145 0.099 0.117 0.1255 0.1115 0.1295 0.1071 0.114 0.131 0.098 0.0925 0.119 0.087 0.124 0.129 0.122 0.1395 0.116 0.084 0.072 0.073 0.07 0.068 0.058 0.048 0.0535 0.063 0.0565 0.0318
-9999 -9999 -9999 -9999 -9999 -9999 -9999 -9999 -9999 -9999 -9999 -9999 -9999 -9999 -9999 -9999 -9999 -9999 -9999 -9999 -9999 -9999 -9999 -9999 -9999 -9999 0.1875 0.207 0.229 0.1795 0.209 0.245 0.179 0.185 0.194 0.206 0.179 0.212 0.207 0.157 0.191 0.153 0.096 0.139 0.118 0.131 0.108 0.1085 0.1295 0.109 0.1245 0.104 0.098 0.098 0.109 0.1195 0.1365 0.118 0.1305 0.125 0.1305 0.098 0.102 0.12 0.115 0.13 0.097 0.09 0.082 0.078 0.073 0.0659 0.0647 0.061 0.052
-9999 -9999 -9999 -9999 -9999 -9999 -9999 -9999 -9999 -9999 -9999 -9999 -9999 -9999 -9999 -9999 -9999 -9999 -9999 -9999 -9999 -9999 -9999 -9999 -9999 -9999 -9999 0.237 0.222 0.234 0.257 0.228 0.22 0.187 0.1925 0.204 0.196 0.215 0.219 0.239 0.203 0.187 0.066 0.131 0.131 0.118 0.0925 0.104 0.1255 0.139 0.104 0.108 0.134 0.136 0.104 0.1255 0.113 0.136 0.1035 0.0905 0.1315 0.12 0.111 0.098 0.129 0.126 0.103 0.093 0.102 0.093 0.078 0.0652 0.062 0.068 0.0595
-9999 -9999 -9999 -9999 -9999 -9999 -9999 -9999 -9999 -9999 -9999 -9999 -9999 -9999 -9999 -9999 -9999 -9999 -9999 -9999 -9999 -9999 -9999 -9999 -9999 -9999 0.212 0.213 0.21 0.258 0.28 0.233 0.27 0.189 0.223 0.228 0.191 0.152 0.172 0.186 0.249 0.1825 0.126 0.1915 0.1165 0.1115 0.132 0.1115 0.1005 0.113 0.104 0.133 0.0825 0.1165 0.1165 0.1255 0.1225 0.138 0.1405 0.13 0.128 0.096 0.132 0.107 0.119 0.113 0.099 0.088 0.082 0.069 0.0705 0.0723 0.0667 0.0645 0.067
-9999 -9999 -9999 -9999 -9999 -9999 -9999 -9999 -9999 -9999 -9999 -9999 -9999 -9999 -9999 -9999 -9999 -9999 -9999 -9999 -9999 -9999 -9999 -9999 -9999 -9999 -9999 -9999 0.213 0.241 0.241 0.217 0.248 0.216 0.21 0.208 0.157 0.213 0.192 0.174 0.219 0.144 0.071 0.096 0.096 0.1165 0.1385 0.1085 0.131 0.1005 0.1375 0.103 0.0985 0.1105 0.131 0.106 0.1195 0.1365 0.1325 0.146 0.12 0.115 0.1352 0.132 0.153 0.13 0.103 0.104 0.091 0.07675 0.0649 0.0655 0.071 0.073 0.06
-9999 -9999 -9999 -9999 -9999 -9999 -9999 -9999 -9999 -9999 -9999 -9999 -9999 -9999 -9999 -9999 -9999 -9999 -9999 -9999 -9999 -9999 -9999 -9999 -9999 -9999 -9999 -9999 0.266 0.256 -9999 -9999 0.27 0.231 0.184 0.208 0.1815 0.213 0.198 0.18 0.148 0.1625 0.063 0.071 0.086 0.0875 0.093 0.083 0.0825 0.0775 0.0775 0.134 0.096 0.085 0.106 0.1025 0.1155 0.1115 0.1195 0.127 0.114 0.139 0.112 0.13 0.118 0.1305 0.09 0.119 0.089 0.091 0.069 0.072 0.0653 0.067 0.0555
-9999 -9999 -9999 -9999 -9999 -9999 -9999 -9999 -9999 -9999 -9999 -9999 -9999 -9999 -9999 -9999 -9999 -9999 -9999 -9999 -9999 -9999 -9999 -9999 -9999 -9999 -9999 -9999 -9999 0.231 -9999 -9999 -9999 0.235 0.235 0.1775 0.191 0.203 0.257 0.163 0.198 0.12265 0.0579 0.08675 0.0815 0.096 0.097 0.086 0.1245 0.185 0.1617 0.221 0.189 0.078 0.085 0.1165 0.082 0.1105 0.1095 0.105 0.108 0.117 0.116 0.129 0.129 0.134 0.127 0.125 0.093 0.094 0.0655 0.0645 0.056 0.067 0.0605
-9999 -9999 -9999 -9999 -9999 -9999 -9999 -9999 -9999 -9999 -9999 -9999 -9999 -9999 -9999 -9999 -9999 -9999 -9999 -9999 -9999 -9999 -9999 -9999 -9999 -9999 -9999 -9999 -9999 -9999 -9999 -9999 -9999 -9999 0.2335 0.1905 0.224 0.1825 0.136 0.095 0.06925 0.079 0.076 0.088 0.0717 0.0835 0.0905 0.0562 0.187 0.249 0.252 0.158 0.145 0.178 0.1632 0.1285 0.109 0.101 0.0985 0.071 0.106 0.137 0.116 0.105 0.137 0.134 0.127 0.153 0.091 0.078 0.069 0.0645 0.058 0.0615 0.07
-9999 -9999 -9999 -9999 -9999 -9999 -9999 -9999 -9999 -9999 -9999 -9999 -9999 -9999 -9999 -9999 -9999 -9999 -9999 -9999 -9999 -9999 -9999 -9999 -9999 -9999 -9999 -9999 -9999 -9999 -9999 -9999 -9999 -9999 -9999 -9999 -9999 0.176 0.11 0.206 0.0579 0.0576 0.0571 0.106 0.204 0.158 0.171 0.184 0.249 0.143 0.129 0.173 0.1446 0.195 0.22 0.221 0.0795 0.079 0.0855 0.068 0.076 0.098 0.096 0.132 0.109 0.1347 0.107 0.093 0.118 0.073 0.073 0.069 0.0705 0.065 0.06
-9999 -9999 -9999 -9999 -9999 -9999 -9999 -9999 -9999 -9999 -9999 -9999 -9999 -9999 -9999 -9999 -9999 -9999 -9999 -9999 -9999 -9999 -9999 -9999 -9999 -9999 -9999 -9999 -9999 -9999 -9999 -9999 -9999 -9999 -9999 -9999 -9999 0.095 0.111 -9999 0.12 0.16 0.128 0.122 0.167 0.222 0.189 0.1448 0.264 0.126 0.149 0.167 0.139 0.182 0.178 0.184 0.239 0.184 0.21 0.105 0.18 0.078 0.135 0.129 0.094 0.132 0.107 0.121 0.104 0.109 0.081 0.087 0.088 0.087 0.075
-9999 -9999 -9999 -9999 -9999 -9999 -9999 -9999 -9999 -9999 -9999 -9999 -9999 -9999 -9999 -9999 -9999 -9999 -9999 -9999 -9999 -9999 -9999 -9999 -9999 -9999 -9999 -9999 -9999 -9999 -9999 -9999 -9999 -9999 -9999 -9999 -9999 -9999 -9999 -9999 0.113 0.121 0.124 0.134 0.1612 0.155 0.192 0.153 0.18 0.192 0.126 0.144 0.173 0.176 0.163 0.1459 0.1611 0.176 0.151 0.113 0.179 0.08 0.117 0.103 0.109 0.123 0.094 0.134 0.11 0.109 0.108 0.088 0.0735 0.093 0.069
-9999 -9999 -9999 -9999 -9999 -9999 -9999 -9999 -9999 -9999 -9999 -9999 -9999 -9999 -9999 -9999 -9999 -9999 -9999 -9999 -9999 -9999 -9999 -9999 -9999 -9999 -9999 -9999 -9999 -9999 -9999 -9999 -9999 -9999 -9999 -9999 -9999 -9999 -9999 -9999 0.126 0.124 0.1275 0.146 0.1325 0.1459 0.136 0.14 0.1456 0.149 0.156 0.176 0.198 0.161 0.12775 0.169 0.114 0.181 0.117 0.104 0.127 0.0718 0.077 0.1055 0.109 0.092 0.099 0.112 0.113 0.102 0.107 0.102 0.081 0.083 0.0655
-9999 -9999 -9999 -9999 -9999 -9999 -9999 -9999 -9999 -9999 -9999 -9999 -9999 -9999 -9999 -9999 -9999 -9999 -9999 -9999 -9999 -9999 -9999 -9999 -9999 -9999 -9999 -9999 -9999 -9999 -9999 -9999 -9999 -9999 -9999 -9999 -9999 -9999 -9999 -9999 0.105 0.115 0.083 0.111 0.122 0.14 0.143 0.179 0.121 0.138 0.122 0.155 0.159 0.143 0.126 0.162 0.073 0.055 0.121 0.115 0.168 0.155 0.062 0.082 0.084 0.127 0.128 0.127 0.133 0.123 0.137 0.091 0.084 0.092 0.082
-9999 -9999 -9999 -9999 -9999 -9999 -9999 -9999 -9999 -9999 -9999 -9999 -9999 -9999 -9999 -9999 -9999 -9999 -9999 -9999 -9999 -9999 -9999 -9999 -9999 -9999 -9999 -9999 -9999 -9999 -9999 -9999 -9999 -9999 -9999 -9999 -9999 -9999 -9999 -9999 0.105 0.1105 0.1095 0.095 0.115 0.179 0.179 0.1325 0.162 0.146 0.145 0.123 0.117 0.125 0.162 0.0517 0.064 0.109 0.103 0.125 0.117 0.117 0.109 0.109 0.093 0.108 0.149 0.144 0.121 0.094 0.099 0.104 0.098 0.104 0.081
-9999 -9999 -9999 -9999 -9999 -9999 -9999 -9999 -9999 -9999 -9999 -9999 -9999 -9999 -9999 -9999 -9999 -9999 -9999 -9999 -9999 -9999 -9999 -9999 -9999 -9999 -9999 -9999 -9999 -9999 -9999 -9999 -9999 -9999 -9999 -9999 -9999 -9999 -9999 -9999 0.065 0.085 0.098 0.11 0.135 0.083 0.098 0.1447 0.1105 0.127 0.1105 0.065 0.106 0.105 0.085 0.0527 0.076 0.085 0.081 0.083 0.115 0.116 0.075 0.089 0.098 0.088 0.103 0.129 0.107 0.109 0.118 0.112 0.116 0.12 0.098
-9999 -9999 -9999 -9999 -9999 -9999 -9999 -9999 -9999 -9999 -9999 -9999 -9999 -9999 -9999 -9999 -9999 -9999 -9999 -9999 -9999 -9999 -9999 -9999 -9999 -9999 -9999 -9999 -9999 -9999 -9999 -9999 -9999 -9999 -9999 -9999 -9999 -9999 -9999 -9999 0.095 0.075 0.075 0.054 0.054 0.115 0.126 0.1095 0.133 0.077 0.079 0.105 0.105 0.096 0.0521 0.0493 0.072 0.075 0.085 0.085 0.119 0.1 0.0755 0.078 0.116 0.094 0.106 0.143 0.133 0.127 0.136 0.138 0.137 0.107 0.088
-9999 -9999 -9999 -9999 -9999 -9999 -9999 -9999 -9999 -9999 -9999 -9999 -9999 -9999 -9999 -9999 -9999 -9999 -9999 -9999 -9999 -9999 -9999 -9999 -9999 -9999 -9999 -9999 -9999 -9999 -9999 -9999 -9999 -9999 -9999 -9999 -9999 -9999 -9999 -9999 0.067 0.058 0.069 0.048 0.075 0.11 0.112 0.156 0.0975 0.0451 0.0474 0.0402 0.042 0.051 0.045 0.066 0.069 0.068 0.096 0.112 0.148 0.09 0.0655 0.081 0.092 0.111 0.09 0.148 0.112 0.117 0.128 0.094 0.101 0.096 0.0755
-9999 -9999 -9999 -9999 -9999 -9999 -9999 -9999 -9999 -9999 -9999 -9999 -9999 -9999 -9999 -9999 -9999 -9999 -9999 -9999 -9999 -9999 -9999 -9999 -9999 -9999 -9999 -9999 -9999 -9999 -9999 -9999 -9999 -9999 -9999 -9999 -9999 -9999 0 0 0.047 0.059 0.0481 0.085 0.063 0.133 0.1085 0.079 0.0402 0.055 0.059 0.056 0.052 0.053 0.046 0.061 0.0541 0.0554 0.099 0.1085 0.097 0.0565 0.077 0.076 0.113 0.1 0.134 0.112 0.134 0.099 0.099 0.093 0.0735 0.087 0.076
-9999 -9999 -9999 -9999 -9999 -9999 -9999 -9999 -9999 -9999 -9999 -9999 -9999 -9999 -9999 -9999 -9999 -9999 -9999 -9999 -9999 -9999 -9999 -9999 -9999 -9999 -9999 -9999 -9999 -9999 -9999 -9999 -9999 -9999 -9999 -9999 -9999 -9999 0.065 0.052 0.0455 0.0487 0.0523 0.072 0.113 0.124 0.105 0.0443 0.047 0.053 0.0443 0.055 0.051 0.055 0.05 0.052 0.069 0.061 0.079 0.072 0.0464 0.057 0.0705 0.0645 0.09 0.082 0.087 0.124 0.0755 0.089 0.09 0.102 0.079 0.0755 0.0745
-9999 -9999 -9999 -9999 -9999 -9999 -9999 -9999 -9999 -9999 -9999 -9999 -9999 -9999 -9999 -9999 -9999 -9999 -9999 -9999 -9999 -9999 -9999 -9999 -9999 -9999 -9999 -9999 -9999 -9999 -9999 -9999 -9999 -9999 -9999 -9999 -9999 -9999 0.0494 0.052 0.062 0.0545 0.0483 0.096 0.106 0.076 0.0417 0.048 0.052 0.042 0.046 0.044 0.0491 0.0439 0.0524 0.076 0.0515 0.04 0.0395 0.0465 0.057 0.0467 0.073 0.082 0.093 0.0725 0.089 0.0625 0.098 0.076 0.092 0.079 0.081 0.0732 0.0675
-9999 -9999 -9999 -9999 -9999 -9999 -9999 -9999 -9999 -9999 -9999 -9999 -9999 -9999 -9999 -9999 -9999 -9999 -9999 -9999 -9999 -9999 -9999 -9999 -9999 -9999 -9999 -9999 -9999 -9999 -9999 -9999 -9999 -9999 -9999 -9999 -9999 0.052 0.055 0.078 0.058 0.061 0.042 0.058 0.0437 0.0383 0.035 0.039 0.037 0.047 0.04 0.0565 0.0374 0.0421 0.0524 0.0494 0.035 0.0375 0.0403 0.048 0.04 0.042 0.0458 0.0516 0.054 0.071 0.071 0.052 0.094 0.108 0.077 0.096 0.098 0.115 0.08
-9999 -9999 -9999 -9999 -9999 -9999 -9999 -9999 -9999 -9999 -9999 -9999 -9999 -9999 -9999 -9999 -9999 -9999 -9999 -9999 -9999 -9999 -9999 -9999 -9999 -9999 -9999 -9999 -9999 -9999 -9999 -9999 -9999 -9999 -9999 -9999 0.0435 0.058 0.075 0.066 0.0524 0.042 0.0483 0.0405 0.044 0.0354 0.0395 0.044 0.041 0.0385 0.0401 0.0503 0.0507 0.0471 0.04455 0.0397 0.0355 0.0495 0.0565 0.0505 0.0403 0.048 0.0445 0.0462 0 0.0685 0.064 0 0.0665 0.068 0.089 0.079 0.092 0.118 0.082
-9999 -9999 -9999 -9999 -9999 -9999 -9999 -9999 -9999 -9999 -9999 -9999 -9999 -9999 -9999 -9999 -9999 -9999 -9999 -9999 -9999 -9999 -9999 -9999 -9999 -9999 -9999 -9999 -9999 -9999 -9999 -9999 -9999 -9999 -9999 0.0444 0.062 0.076 0.066 0.064 0.0462 0.053 0.0487 0.0394 0.0537 0.045 0.0415 0.0465 0.0364 0.0361 0.0384 0.0391 0.0377 0.04505 0.0377 0.0485 0.0543 0.051 0.0615 0.08 0.076 0.0539 0.0675 0.0462 0 -9999 0.082 0.067 0.0524 0.109 0.084 0.0565 0.0705 0.0715 0.0765
-9999 -9999 -9999 -9999 -9999 -9999 -9999 -9999 -9999 -9999 -9999 -9999 -9999 -9999 -9999 -9999 -9999 -9999 -9999 -9999 -9999 -9999 -9999 -9999 -9999 -9999 -9999 -9999 -9999 -9999 -9999 -9999 0.0481 0.0456 0.045 0.066 0.055 0.054 0.054 0.0545 0.053 0.0437 0.0405 0.0412 0.03705 0.0385 0.048 0.0514 0.0345 0.0372 0.0401 0.0365 0.0387 0.0417 0.039 0.0453 0.04 0.056 0.077 0.0635 0.0635 0.076 0.054 0.074 0.0407 -9999 0.052 0.0495 0.0648 0.086 0.0595 0.0555 0.0745 0.0695 0.0815
-9999 -9999 -9999 -9999 -9999 -9999 -9999 -9999 -9999 -9999 -9999 -9999 -9999 -9999 -9999 -9999 -9999 -9999 -9999 -9999 -9999 -9999 -9999 -9999 -9999 -9999 -9999 -9999 -9999 -9999 0.0445 0.0414 0.0533 0.041 0.055 0.061 0.065 0.075 0.066 0.0555 0.0418 0.0465 0.0415 0.045 0.033 0.0384 0.0367 0.0372 0.0412 0.0377 0.0423 0.0442 0.0514 0.0533 0.04325 0.046 0.0585 0.0536 0.0615 0.061 0.093 0.084 0.085 0.0715 0.072 0.047 0.0745 0.0545 0.0575 0.0565 0.0775 0.0625 0.0655 -9999 -9999
-9999 -9999 -9999 -9999 -9999 -9999 -9999 -9999 -9999 -9999 -9999 -9999 -9999 -9999 -9999 -9999 -9999 -9999 -9999 -9999 -9999 -9999 -9999 -9999 -9999 -9999 -9999 -9999 -9999 -9999 0.0485 0.058 0.0458 0.0565 0.052 0.051 0.071 0.061 0.0457 0.055 0.0448 0.0452 0.0358 0.039 0.0384 0.0385 0.0375 0.043 0.0361 0.033 0.0372 0.042 0.0422 0.046 0.041 0.0432 0.0455 0.063 0.0555 0.067 0.058 0.105 0.066 0.088 0.095 0.065 0 0.0462 0.0635 0.0815 -9999 -9999 -9999 -9999 -9999
-9999 -9999 -9999 -9999 -9999 -9999 -9999 -9999 -9999 -9999 -9999 -9999 -9999 -9999 -9999 -9999 -9999 -9999 -9999 -9999 -9999 -9999 -9999 -9999 -9999 -9999 -9999 -9999 0 0.0461 0.038 0.0404 0.0418 0.0524 0.0473 0.051 0.054 0.055 0.041 0.0323 0.038 0.035 0.0351 0.035 0.033 0.0461 0.0404 0.0423 0.0477 0.0372 0.0323 0.0384 0.0385 0.036 0.043 0.043 0.0525 0.043 0.0455 0.0465 0.065 0.074 0.0585 0.099 0.089 0.086 0.094 -9999 -9999 -9999 0.32 0.17 -9999 0.158 0.169
-9999 -9999 -9999 -9999 -9999 -9999 -9999 -9999 -9999 -9999 -9999 -9999 -9999 -9999 -9999 -9999 -9999 -9999 -9999 -9999 -9999 -9999 -9999 -9999 -9999 -9999 -9999 -9999 0.03045 0.0412 0.0477 0.035 0.032 0.0377 0.0442 0.0418 0.056 0.047 0.045 0.0358 0.0375 0.0381 0.035 0.0361 0.037 0.033 0.0461 0.0364 0.0385 0.0497 0.0302 0.0385 0.041 0.0485 0.0442 0.047 0.043 0.0475 0.044 0.051 0.046 0.06275 0.073 0.0585 0.082 0.081 0.0695 0.116 0.118 0 0.126 0.0975 0.115 0.147 0.148
-9999 -9999 -9999 -9999 -9999 -9999 -9999 -9999 -9999 -9999 -9999 -9999 -9999 -9999 -9999 -9999 -9999 -9999 -9999 -9999 -9999 -9999 -9999 -9999 -9999 -9999 -9999 0.0524 0.0415 0.0452 0.0403 0.0433 0.0513 0.068 0.0411 0.0445 0.045 0.054 0.042 0.0432 0.048 0.0414 0.0384 0.052 0.0535 0.0333 0.046 0.0302 0.035 0.0385 0.035 0.0315 0.041 0.0441 0.0455 0.0455 0.0427 0.0485 0.0453 0.063 0.0565 0.0625 0.077 0.08 0.084 0.098 0.099 0.0645 0.096 0.092 0.095 0.118 0.143 0.124 0.13055
-9999 -9999 -9999 -9999 -9999 -9999 -9999 -9999 -9999 -9999 -9999 -9999 -9999 -9999 -9999 -9999 -9999 -9999 -9999 -9999 -9999 -9999 -9999 -9999 -9999 -9999 0.0443 0.039 0.055 0.054 0.0527 0.04775 0.0404 0.0554 0.0426 0.044 0.042 0.0435 0.0407 0.0377 0.035 0.033 0.044 0.0429 0.0485 0.0395 0.0405 0.045 0.045 0.046 0.038 0.045 0.046 0.041 0.03825 0.0431 0.0475 0.0405 0.0442 0.0525 0.0585 0.075 0.063 0.042 0.066 0.08 0.09 0.106 0.095 0.163 0.1045 0.073 0.142 0.184 0.0995
