GIS/uga_beta.asc
ncols         121
nrows         127
xllcorner     118236.49319105
yllcorner     -163800.7987251
cellsize      5000
NODATA_value  -9999
[rows 66 to 98 of 127, columns 0 to 74 of 121]
-9999 -9999 -9999 -9999 -9999 -9999 -9999 -9999 -9999 -9999 -9999 -9999 -9999 -9999 -9999 -9999 -9999 -9999 -9999 -9999 -9999 -9999 -9999 -9999 -9999 0.0354 0.035 0.054 0.0464 0.0415 0.056 0.0513 0.0403 0.044 0.04455 0.0413 0.0435 0.035 0.0533 0.0353 0.0358 0.0358 0.038 0.0445 0.0445 0.0445 0.054 0.047 0.041 0.0437 0.0435 0.045 0.0465 0.0424 0.052 0.0442 0.0525 0.0442 0.0432 0.0555 0.0453 0.055 0.0554 0.059 0.0555 0.097 0.071 0.077 0.088 0.108 0.108 0.1015 0.115 0.122 0.115
-9999 -9999 -9999 -9999 -9999 -9999 -9999 -9999 -9999 -9999 -9999 -9999 -9999 -9999 -9999 -9999 -9999 -9999 -9999 -9999 -9999 -9999 -9999 -9999 -9999 0.0417 0.033 0.0555 0.045 0.04 0.0435 0.046 0.0404 0.0383 0.0402 0.0417 0.0345 0.035 0.0359 0.0404 0.041 0.0402 0.0392 0.0405 0.0394 0.03825 0.043 0.049 0.052 0.0437 0.039 0.0365 0.045 0.038 0.045 0.052 0.0552 0.0432 0.041 0.0552 0.038 0.0453 0.0553 0.049 0.06275 0.074 0.055 0.069 0.093 0.125 0.098 0.0625 0.07925 0.127 0.077
-9999 -9999 -9999 -9999 -9999 -9999 -9999 -9999 -9999 -9999 -9999 -9999 -9999 -9999 -9999 -9999 -9999 0.025 0.0246 0.032 0.0338 -9999 -9999 -9999 0.0412 0.0377 0.046 0.035 0.0364 0.0284 0.0465 0.0393 0.035 0.0361 0.048 0.0434 0.0371 0.037 0.0368 0.0427 0.044 0.0351 0.039 0.044 0.041 0.035 0.03825 0.0485 0.041 0.0485 0.04 0.045 0.045 0.045 0.0339 0.045 0.036 0.0445 0.047 0.043 0.0485 0.0427 0.037 0.0505 0.0575 0.0465 0.071 0.073 0.075 0.093 0.1002 0.103 0.1015 0.115 0.077
-9999 -9999 -9999 -9999 -9999 -9999 -9999 -9999 -9999 -9999 -9999 -9999 -9999 -9999 -9999 0.0237 0.033 0.0315 0.033 0.026 0.0286 -9999 -9999 0.0384 0.0394 0.0352 0.043 0.0385 0.0385 0.0358 0.033 0.037 0.0375 0.0415 0.039 0.0418 0.04 0.0371 0.0388 0.035 0.0345 0.032 0.044 0.035 0.048 0.044 0.046 0.04 0.0315 0.04 0.045 0.0435 0.035 0.0465 0.0465 0.0605 0.0605 0.0453 0.047 0.0441 0.0443 0.044 0.0444 0.0565 0.0455 0.059 0.067 0.079 0.09 0.088 0.064 0.0655 0.102 0.091 0.08
-9999 -9999 -9999 -9999 -9999 -9999 -9999 -9999 -9999 -9999 -9999 -9999 -9999 -9999 -9999 0.0346 0.0295 0.026 0.0306 0.0355 0.0244 0.0315 -9999 0.0283 0.045 0.0295 0.0356 0.0375 0.042 0.039 0.038 0.044 0.043 0.035 0.0418 0.042 0.045 0.0414 0.0404 0.033 0.03755 0.0348 0.032 0.0398 0.0358 0.039 0.041 0.046 0.054 0.045 0.039 0.045 0.035 0.0385 0.045 0.045 0.041 0.035 0.0432 0.0485 0.04885 0.04885 0.043 0.0553 0.052 0.042 0.081 0.058 0.0745 0.0625 0.088 0.084 0.075 0.1 0.065
-9999 -9999 -9999 -9999 -9999 -9999 -9999 -9999 -9999 -9999 -9999 -9999 -9999 -9999 -9999 0.029 0.0276 0.026 0.0315 0.0295 0.0306 0.0295 0.0299 0.041 0.0368 0.0389 0.035 0.0355 0.042 0.044 0.0389 0.0447 0.0459 0.045 0.041 0.04 0.0395 0.04 0.0391 0.0377 0.0373 0.038 0.0384 0.0302 0.042 0.0359 0.0392 0.0396 0.0465 0.045 0.045 0.038 0.032 0.037 0.035 0.035 0.0395 0.052 0.0485 0.0441 0.047 0.043 0.057 0.055 0.0685 0.0605 0.0555 0.0595 0.081 0.077 0.102 0.065 0.0955 0.077 0.073
-9999 -9999 -9999 -9999 -9999 -9999 -9999 -9999 -9999 -9999 -9999 -9999 -9999 -9999 0.0316 0.0355 0.0341 0.0295 0.0255 0.0295 0.0316 0.0321 0.035 0.041 0.044 0.038 0.041 0.044 0.044 0.046 0.0458 0.0345 0.0379 0.0368 0.0387 0.0335 0.04 0.0345 0.0395 0.0379 0.035 0.0385 0.035 0.0358 0.0415 0.044 0.0358 0.044 0.038 0.045 0.0415 0.035 0.035 0.045 0.0435 0.0375 0.0437 0.04325 0.047 0.047 0.0453 0.044 0.0585 0.0505 0.053 0.063 0.06275 0.059 0.0665 0.068 0.0955 0.084 0.0735 0.078 0.068
-9999 -9999 -9999 -9999 -9999 -9999 -9999 -9999 -9999 -9999 -9999 -9999 -9999 -9999 0.026 0.0286 0.0296 0.0335 0.031 0.0332 0.0395 0.027 0.034 0.0368 0.0395 0.0371 0.044 0.036 0.04 0.0371 0.0394 0.0434 0.0389 0.0389 0.04 0.0355 0.0348 0.0384 0.035 0.0412 0.029 0.041 0.044 0.038 0.045 0.0372 0.04 0.039 0.0395 0.037 0.032 0.0385 0.045 0.045 0.035 0.038 0.043 0.04 0.046 0.0555 0.052 0.0525 0.047 0.0505 0.06225 0.057 0.053 0.0465 0.0535 0.0645 0.08 0.074 0.0725 0.085 0.076
-9999 -9999 -9999 -9999 -9999 -9999 -9999 -9999 -9999 -9999 -9999 -9999 -9999 0.0341 0.0296 0.0335 0.0315 0.0315 0.0355 0.0311 0.0305 0.029 0.0311 0.0327 0.0385 0.0369 0.039 0.04 0.035 0.0358 0.04 0.0434 0.0452 0.0375 0.0455 0.0385 0.039 0.0455 0.0385 0.0385 0.033 0.035 0.0398 0.036 0.035 0.0339 0.035 0.04 0.03895 0.0355 0.0402 0.035 0.035 0.0435 0.045 0.045 0.045 0.039 0.036 0.045 0.03825 0.04885 0.045 0.0505 0.051 0.0575 0.059 0.069 0.0655 0.0615 0.067 0.062 0.07 0.084 0.098
-9999 -9999 -9999 -9999 -9999 -9999 -9999 -9999 -9999 -9999 0.0385 0.039 0.0349 0.0297 0.0297 0.0295 0.0325 0.0295 0.0334 0.0334 0.029 0.0298 0.029 0.0284 0.02885 0.029 0.0295 0.0357 0.0385 0.033 0.048 0.0387 0.0381 0.051 0.0384 0.033 0.0385 0.035 0.036 0.033 0.036 0.029 0.0399 0.0352 0.035 0.035 0.0341 0.0345 0.0341 0.0402 0.0395 0.0372 0.0435 0.045 0.0435 0.038 0.0445 0.0385 0.0385 0.041 0.0455 0.046 0.0435 0.045 0.036 0.041 0.0615 0.069 0.052 0.0635 0.0695 0.074 0.0725 0.081 0.087
-9999 -9999 -9999 -9999 -9999 -9999 -9999 -9999 -9999 0.048 0.036 0.0299 0.0296 0.0327 0.0288 0.031 0.0316 0.0315 0.0307 0.0355 0.0317 0.0284 0.0285 0.0284 0.0277 0.0314 0.0322 0.0305 0.0305 0.0439 0.0447 0.0408 0.035 0.034 0.0292 0.0455 0.0402 0.041 0.035 0.0377 0.0402 0.041 0.035 0.0348 0.031 0.0395 0.0352 0.0341 0.0341 0.033 0.033 0.0345 0.0402 0.035 0.045 0.038 0.038 0.045 0.0435 0.04 0.0485 0.0455 0.049 0.045 0.03955 0.0365 0.0635 0.055 0.0615 0.062 0.067 0.067 0.065 0.07 0.097
-9999 -9999 -9999 -9999 -9999 -9999 -9999 -9999 -9999 0.041 0.03 0.034 0.0362 0.0285 0.0297 0.0307 0.0274 0.029 0.0287 0.0284 0.03375 0.0275 0.028 0.029 0.0305 0.0317 0.0296 0.0284 0.0317 0.02965 0.0403 0.04 0.028 0.0359 0.0284 0.0455 0.0379 0.0325 0.035 0.029 0.0335 0.041 0.0375 0.0342 0.037 0.035 0.0398 0.041 0.0386 0.031 0.036 0.0327 0.0389 0.0395 0.0385 0.035 0.032 0.0437 0.0385 0.0404 0.041 0.051 0.043 0.0535 0.046 0.0505 0.054 0.061 0.0595 0.0645 0.067 0.062 0.058 0.065 0.112
-9999 -9999 -9999 -9999 -9999 -9999 -9999 -9999 -9999 0.037 0.031 0.029 0.0322 0.026 0.028 0.03 0.0284 0.0307 0.0305 0.0297 0.0274 0.0304 0.0297 0.0317 0.036 0.0362 0.036 0.0297 0.031 0.034 0.0313 0.033 0.0385 0.033 0.0284 0.036 0.0335 0.0402 0.0398 0.0356 0.041 0.0358 0.0398 0.0387 0.0334 0.0341 0.037 0.0334 0.036 0.0341 0.0378 0.0389 0.0332 0.0349 0.034 0.0334 0.04 0.03825 0.045 0.03955 0.0405 0.054 0.047 0.055 0.046 0.041 0.057 0.0618 0.064 0.0611 0.058 0.057 0.075 0.073 0.1
-9999 -9999 -9999 -9999 -9999 -9999 -9999 -9999 -9999 0.032 0.0321 0 0.0244 0.0286 0.0321 0.026 0.025 0.0287 0.0285 0.028 0.0265 0.0295 0.031 0.0284 0.0308 0.0285 0.032 0.0287 0.033 0.0277 0.0305 0.0284 0.0325 0.036 0.0391 0.0395 0.0384 0.048 0.0398 0.0405 0.038 0.038 0.033 0.0352 0.04 0.0393 0.032 0.0345 0.0346 0.0339 0.036 0.0393 0.04 0.035 0.0345 0.04 0.038 0.038 0.0398 0.0379 0.0359 0.045 0.051 0.053 0.055 0.051 0.054 0.055 0.059 0.056 0.053 0.068 0.058 0.0621 0.096
-9999 -9999 -9999 -9999 -9999 -9999 -9999 -9999 -9999 0.029 0.031 0 0.0261 0.0314 0.0355 0.032 0.0323 0.0249 0.0311 0.0275 0.029 0.0296 0.0275 0.03105 0.0316 0.0327 0.0305 0.0304 0.0334 0.0305 0.031 0.031 0.0325 0.0275 0.0285 0.0279 0.0284 0.045 0.044 0.038 0.0393 0.036 0.0386 0.0348 0.0387 0.04 0.037 0.0341 0.0402 0.0339 0.037 0.0393 0.035 0.0331 0.0435 0.0386 0.037 0.04 0.04 0.0339 0.0358 0.0445 0.0445 0.055 0.045 0.0379 0.045 0.0645 0.05 0.061 0.054 0.06 0.073 0.08 0.085
-9999 -9999 -9999 -9999 -9999 -9999 -9999 -9999 -9999 0.031 0 0 0.024 0.029 0.034 0.034 0.0335 0.0305 0.0349 0.031 0.03 0.028 0.03 0.03 0.0305 0.0284 0.0295 0.0311 0.0305 0.028 0.037 0.0305 0.037 0.0322 0.0305 0.0327 0.033 0.028 0.04 0.032 0.0325 0.0334 0.0334 0.0402 0.0387 0.0399 0.038 0.038 0.036 0.037 0.033 0.0386 0.038 0.035 0.0365 0.0347 0.0399 0.044 0.0385 0.036 0.042 0.045 0.0405 0.045 0.053 0.04 0.043 0.066 0.0545 0.054 0.067 0.0615 0.0609 0.07 0.0735
-9999 -9999 -9999 -9999 -9999 -9999 -9999 -9999 -9999 0 0 0.0284 0.031 0.0315 0.0352 0.0321 0.0287 0.0315 0.0339 0.039 0.0345 0.0284 0.0345 0.0287 0.0291 0.0311 0.028 0.029 0.029 0.0322 0.0308 0.028 0.0274 0.0345 0.0307 0.0265 0.0275 0.048 0.037 0.038 0.0385 0.037 0.037 0.0401 0.0334 0.0352 0.036 0.0387 0.0399 0.034 0.033 0.037 0.0386 0.037 0.037 0.037 0.034 0.041 0.0265 0.0252 0.029 0.0247 0.025 0.025 0.0256 0.025 0.0263 0.025 0.0234 0.063 0.062 0.057 0.0616 0.069 0.084
-9999 -9999 -9999 -9999 -9999 -9999 -9999 -9999 -9999 0 0 0.029 0.0302 0.035 0.03 0.0311 0.0307 0.0311 0.035 0.038 0.032 0.0284 0.0311 0.034 0.0345 0.03 0.03375 0.028 0.0265 0.031 0.0305 0.0284 0.0265 0.0302 0.0322 0.0407 0.0407 0.046 0.037 0.039 0.041 0.0386 0.0348 0.0398 0.0415 0.0352 0.0348 0.0356 0.0339 0.0395 0.0395 0.0401 0.037 0.0341 0.0371 0.0348 0.0399 0.04 0.0242 0.0247 0.0247 0.0247 0.0252 0.0252 0.0257 0.0235 0.025 0.0239 0.023 0.0485 0.061 0.075 0.057 0.0635 0.099
-9999 -9999 -9999 -9999 -9999 -9999 -9999 -9999 0 0 0 0.0285 0.0316 0.0347 0.0323 0.0308 0.0305 0.0305 0.033 0.0395 0.0315 0.029 0.0288 0.0324 0.0337 0.0302 0.032 0.0316 0.029 0.0302 0.024 0.0305 0.0311 0.0298 0.0304 0.0359 0.044 0.046 0.0376 0.041 0.0351 0.036 0.0334 0.0339 0.038 0.045 0.0335 0.036 0.0398 0.0349 0.0325 0.034 0.029 0.0341 0.037 0.0375 0.0334 0.0398 0.044 0.026 0.0242 0.0247 0.0245 0.0257 0.0257 0.024 0.0245 0.0234 0.0235 0.0622 0.063 0.068 0.065 0.075 0.074
-9999 -9999 -9999 -9999 -9999 -9999 -9999 0 0 0 0.0274 0.0288 0.0323 0.0308 0.029 0.0306 0.037 0.0405 0.031 0.0274 0.0254 0.0291 0.033 0.033 0.0294 0.0296 0.032 0.0296 0.036 0.0324 0.029 0.0308 0.0296 0.0301 0.046 0.043 0.043 0.046 0.042 0.04 0.044 0.04 0.041 0.03825 0.041 0.0348 0.0375 0.041 0.04 0.04 0.034 0.033 0.037 0.031 0.0335 0.031 0.0386 0.036 0.0405 0.045 0.026 0.029 0.0245 0.0257 0.024 0.0232 0.0227 0.0235 0.0234 0.054 0.048 0.062 0.0555 0.074 0.068
-9999 -9999 -9999 -9999 -9999 -9999 -9999 0 0 0 0.0334 0.031 0.0317 0.0315 0.0296 0.0311 0.0335 0.035 0.0305 0.036 0.034 0.0311 0.0337 0.0317 0.03 0.032 0.0331 0.0293 0.0319 0.029 0.032 0.0294 0.0317 0.0347 0.0275 0.0399 0.048 0.039 0.041 0.051 0.03825 0.041 0.047 0.0605 0.0276 0.0385 0.0385 0.046 0.039 0.037 0.038 0.038 0.0605 0.039 0.0327 0.0386 0.037 0.037 0.0357 0.03955 0.029 0.029 0.0252 0.0245 0.024 0.023 0 0.024 0.023 0.042 0.047 0.0515 0.0595 0.075 0.0575
-9999 -9999 -9999 -9999 -9999 -9999 -9999 0 0 0 0.0251 0.0321 0.0254 0.0345 0.031 0.0235 0.0355 0.04 0.0285 0.033 0.0345 0.034 0.0251 0.0385 0.0349 0.0335 0.031 0.0251 0.0316 0.0324 0.0287 0.03 0.032 0.032 0.041 0.044 0.04325 0.049 0.0555 0.0445 0.045 0.0276 0.0276 0.0276 0.0315 0.0276 0.0385 0.039 0.035 0.033 0.038 0.045 0.0395 0.0332 0.0395 0.04 0.0402 0.0372 0.0404 0.0242 0.026 0.027 0.0247 0.0238 0.024 0.0228 0 0.024 0 0.0415 0.054 0.059 0.058 0.076 0.0635
-9999 -9999 -9999 -9999 -9999 -9999 0 0 0 0 0.0284 0.0314 0.03065 0.0385 0.033 0.035 0.036 0.041 0.0315 0.0287 0.0347 0.032 0.034 0.0316 0.0296 0.0251 0.031 0.0286 0.0295 0.03 0.032 0.0345 0.0348 0.044 0.0432 0.041 0.041 0.0405 0.03825 0.0315 0.0315 0.0315 0.0315 0.0315 0.0315 0.0276 0.0315 0.0276 0.035 0.0276 0.024 0.029 0.0331 0.035 0.035 0.0248 0.026 0.0376 0.0265 0.023 0.026 0.0245 0.0246 0.025 0.024 0.0231 0.022 0.024 0 0.046 0.0585 0.062 0.0545 0.0725 0.075
-9999 -9999 -9999 -9999 -9999 -9999 0 0 0 0.0335 0.0346 0.0323 0.0306 0.0405 0.0316 0.051 0.041 0.034 0.0311 0.0363 0.0275 0.0324 0.0331 0.033 0.0324 0.043 0.0345 0.0295 0.0316 0.0324 0.029 0.031 0.0547 0.051 0.0315 0.026 0.03825 0.043 0.036 0.0315 0.0315 0.0315 0.0315 0.0315 0.0315 0.0315 0.029 0.0276 0.0276 0.0248 0.029 0.026 0.0248 0.0248 0.0248 0.023 0.026 0.023 0.025 0.0248 0.026 0.0224 0.029 0.024 0.0258 0.023 0.0227 0.0231 0.043 0.049 0.052 0.0618 0.051 0.053 0.07
-9999 -9999 -9999 -9999 -9999 -9999 0 0 0 0.03065 0.0345 0.032 0.031 0.0325 0.04 0.041 0.0349 0.0315 0.0405 0.0319 0.034 0.0346 0.0347 0.026 0.0365 0.0279 0.0279 0.025 0.0292 0.0279 0.0365 0.0365 0.0315 0.029 0.0315 0.027 0.0315 0.041 0.0315 0.0315 0.0315 0.0315 0.0315 0.0315 0.0315 0.0315 0.0315 0.0276 0.0248 0.0248 0.023 0.023 0.023 0.023 0.024 0.024 0.0247 0.024 0.0248 0.0245 0.026 0.026 0.0253 0.0273 0.0227 0.025 0.0238 0.0311 0.0615 0.049 0.07 0.056 0.062 0.0615 0.073
-9999 -9999 -9999 -9999 0.0317 0 0.0307 0.0395 0.042 0.0385 0.0334 0.0405 0.0336 0.0339 0.04 0.035 0.039 0.044 0.0344 0.034 0.0324 0.0255 0.037 0.0292 0.037 0.027 0.03 0.0307 0.0275 0.0297 0.0287 0.0287 0.032 0.0315 0.0315 0.0251 0.0315 0.0315 0.0311 0.0315 0.0315 0.0315 0.0315 0.0276 0.0276 0.0276 0.0276 0.0248 0.025 0.029 0.0248 0.0248 0.0248 0.023 0.0247 0.024 0.0248 0.0248 0.023 0.0242 0.029 0.029 0.026 0.0246 0.0235 0.024 0.0237 0.0365 0.077 0.0635 0.052 0.0655 0 0.0645 0.056
-9999 -9999 -9999 0.0358 0.0342 0.0321 0.037 0.0358 0.0405 0.0405 0.036 0.0415 0.0405 0.042 0.041 0.0339 0.031 0.0349 0.0299 0.0363 0.029 0.0305 0.027 0.029 0.037 0.037 0.0309 0.0263 0.031 0.0263 0.0371 0.0387 0.032 0.025 0.025 0.0305 0.0315 0.0315 0.0315 0.0315 0.0315 0.0315 0.0315 0.0276 0.0276 0.0276 0.0276 0.0276 0.0276 0.0276 0.0248 0.026 0.0248 0.024 0.024 0.024 0.0236 0.0248 0.0248 0.0248 0.026 0.029 0.0311 0.029 0.024 0.024 0.0258 0.035 0.075 0.074 -9999 -9999 -9999 0 0.077
-9999 -9999 -9999 0.0435 0.0435 0.0347 0.033 0.0334 0.041 0.0339 0.0405 0.0415 0.0425 -9999 -9999 0.055 0.041 0.039 0.036 0.0265 0.029 0.0265 0.027 0.0297 0.037 0.027 0.0284 0.0371 0.0297 0.0365 0.0265 0.0365 0.0387 0.0305 0.0305 0.0311 0.0242 0.0315 0.0315 0.0315 0.0315 0.0315 0.0276 0.0315 0.0276 0.0248 0.024 0.0248 0.026 0.0276 0.0276 0.024 0.024 0.023 0.0248 0.023 0.025 0.026 0.0315 0.0242 0.0242 0.0251 0.025 0.0229 0.0235 0 0.0365 0.0319 -9999 -9999 -9999 0.087 0.072 -9999 0.09
-9999 -9999 -9999 -9999 0.0347 0.0352 0.0405 0.0405 0.046 0.0405 0.0355 0.043 0.031 0.034 -9999 0.037 0.0299 0.038 0.0315 0.0295 0.0302 0.0275 0.0296 0.0307 0.0275 0.0297 0.0263 0.032 0.0371 0.0371 0.032 0.0335 0.0311 0.0311 0.0305 0.0311 0.0315 0.0315 0.0315 0.0315 0.0276 0.0315 0.0315 0.0276 0.026 0.029 0.029 0.024 0.026 0.024 0.024 0.0276 0.024 0.024 0.0225 0.024 0.024 0.0276 0.0315 0.0315 0.0242 0.0305 0.0365 0 -9999 -9999 -9999 -9999 0.064 0.079 0.0992 0.0655 0.0645 0 0.0645
-9999 -9999 -9999 0.0405 0.0349 0.0335 0.031 0.0405 0.034 0.0339 0.042 0.041 0.039 0.035 0.0365 0.0351 0.039 0.0415 0.0364 0.029 0.032 0.035 0.0296 0.037 0.0297 0.0309 0.029 0.027 0.0371 0.0371 0.0371 0.0371 0.0371 0.0263 0.0315 0.0311 0.0311 0.0305 0.0315 0.0315 0.0315 0.027 0.027 0.0276 0.026 0.0246 0.029 0.024 0.023 0.0248 0.024 0.0276 0.0276 0.025 0.024 0.0276 0.0315 0.0315 0.0315 0.0305 0 -9999 -9999 -9999 -9999 -9999 -9999 -9999 -9999 0 0.067 0.0655 0.104 -9999 -9999
-9999 -9999 -9999 0 0.0336 0.0317 0.0385 0.037 0.034 0.034 0.0405 0.0487 0.0487 0.0365 0.0405 0.0435 0.035 0.0345 0.036 0.029 0.0285 0.0295 0.03 0.0255 0.027 0.029 0.0371 0.0387 0.032 0.0371 0.0365 0.0335 0.0371 0.0387 0.025 0.0315 0.0311 0.0305 0.0315 0.0315 0.026 0.029 0.0246 0.0265 0.026 0.029 0.029 0.0248 0.025 0.025 0.026 0.024 0.024 0.026 0.0276 0.0276 -9999 -9999 0 -9999 -9999 -9999 -9999 -9999 -9999 -9999 -9999 0.081 0.073 0.072 0.074 0.0715 0.0645 -9999 -9999
-9999 -9999 -9999 -9999 0.039 0.0425 0.0324 0.034 0.038 0.0339 0.0372 0.0373 0.0487 0.0414 0.034 0.0278 0.0487 0.0314 0.0314 0.0349 0.0255 0.029 0.027 0.0309 0.0297 0.0371 0.0365 0.0385 0.0365 0.0365 0.0371 0.0275 0.0371 0.032 0.0315 0.0311 0.0311 0.0305 0.0315 0.0315 0.0315 0.0242 0.0252 0.029 0.026 0.0246 0.026 0.0248 0.029 0.0248 0.024 0.0235 0.0276 -9999 -9999 -9999 -9999 -9999 -9999 0 0.0315 -9999 -9999 -9999 -9999 -9999 -9999 -9999 -9999 0 0.109 0.073 -9999 -9999 -9999
-9999 -9999 -9999 -9999 -9999 0.035 0.055 0.0371 0.0365 0.0275 0.0345 0.028 0.0275 0.032 0.032 0.0305 0.0401 0.0309 0.0255 0.0267 0.03 0.0255 0.0305 0.037 0.0296 0.0297 0.0365 0.037 0.0287 0.0371 0.0288 0.0371 0.0371 0.0385 0.0311 0.0254 0.0305 0.0315 0.029 0.029 0.027 0.0252 0.0247 0.0242 0.0248 0.0252 0.0265 0.025 0.0265 0.029 0.024 0.0248 0.0315 0.0315 -9999 -9999 -9999 -9999 -9999 0 0.0315 0.0311 -9999 -9999 -9999 -9999 -9999 -9999 -9999 -9999 -9999 -9999 -9999 -9999 -9999
