GIS/uga_beta.asc
ncols         121
nrows         127
xllcorner     118236.49319105
yllcorner     -163800.7987251
cellsize      5000
NODATA_value  -9999
[rows 35 to 69 of 127, columns 0 to 78 of 121]
-9999 -9999 -9999 -9999 -9999 -9999 -9999 -9999 -9999 -9999 -9999 -9999 -9999 -9999 -9999 -9999 -9999 -9999 -9999 -9999 -9999 -9999 -9999 -9999 -9999 -9999 -9999 0.75 1.08 0.85 1.15 0.79 0.63 1.1 0.75 0.95 1.2 1.3 0.9 1.6 0.43 0.77 2.2 2.4 2.45 2.4 2.4 2.4 2.4 2.4 2.4 1.9225 1.595 2.4 1.77 2 2.4 2.3 2.5 1.77 2.35 1.77 2.35 2.2 0.8 0.77 0.53 0.43 0.55 0.53 0.41 0.32 0.27 0.18 0.18 0.16 0.12 0.135 0.1225
-9999 -9999 -9999 -9999 -9999 -9999 -9999 -9999 -9999 -9999 -9999 -9999 -9999 -9999 -9999 -9999 -9999 -9999 -9999 -9999 -9999 -9999 -9999 -9999 -9999 -9999 -9999 1.07 1.25 1.2 1.25 0.72 0.75 0.77 1.2 1.67 1.67 0.77 0.95 1.3 0.58 1.01 2.05 2.3 2.5 2.4 2.5 2.4 2.4 2.4 2.5 2.4 1.83 1.83 1.9 2.32 2.4 1.35 1.76 2.4 2.4 1.77 2.4 1.2 0.85 0.84 0.72 0.56 0.52 0.43 0.31 0.29 0.27 0.23 0.18 0.16 0.1325 0.135 0.1425
-9999 -9999 -9999 -9999 -9999 -9999 -9999 -9999 -9999 -9999 -9999 -9999 -9999 -9999 -9999 -9999 -9999 -9999 -9999 -9999 -9999 -9999 -9999 -9999 -9999 -9999 1.5 1.3 1.35 1.01 1 1.4 0.9 1.2 1.1 1.1 0.9 1.05 0.85 0.85 0.8 0.59 0.72 2.15 2.4 2.3 2.45 2.1 2.3 2.2333333 2.35 2.5 1.77 1.77 2.4 2.4 2.4 2.4 2.4 2.4 2.4 1.77 1.77 1.78 1.3 1.05 0.72 0.59 0.57 0.46 0.41 0.33 0.3 0.27 0.17 0.16 0.135 0.15 0.16
-9999 -9999 -9999 -9999 -9999 -9999 -9999 -9999 -9999 -9999 -9999 -9999 -9999 -9999 -9999 -9999 -9999 -9999 -9999 -9999 -9999 -9999 -9999 -9999 -9999 -9999 -9999 1.3 1.28 1.45 1.67 1.76 1.25 0.95 0.96 0.95 0.9 1.3 0.77 1.2 0.77 1.01 0.52 1.62 2.35 2.4 2.4 2.4 2.4 2.15 2.4 2.45 1.77 1.77 2.5 2.4 2.4 2.4 2.4 2.4 2.4 1.76 1.77 1.64 1.3 1.2 0.89 0.73 0.58 0.52 0.38 0.37 0.27 0.29 0.21 0.18 0.17 0.13 0.115
-9999 -9999 -9999 -9999 -9999 -9999 -9999 -9999 -9999 -9999 -9999 -9999 -9999 -9999 -9999 -9999 -9999 -9999 -9999 -9999 -9999 -9999 -9999 -9999 -9999 -9999 1.05 1.25 1.65 1.77 1.77 1.65 1.65 0.85 1.1 1.25 1.23 1 0.62 0.95 1.2 0.95 0.45 0.61 1.61 2.4 2.4 2.4 2.5 2.35 2.1 2.2 1.555 2 2.075 2.3 2.4 2.4 2.4 2.2 1.77 1.25 1.4 1.78 1.81 1.05 0.95 0.56 0.59 0.43 0.42 0.41 0.37 0.32 0.24 0.2 0.17 0.15 0.14
-9999 -9999 -9999 -9999 -9999 -9999 -9999 -9999 -9999 -9999 -9999 -9999 -9999 -9999 -9999 -9999 -9999 -9999 -9999 -9999 -9999 -9999 -9999 -9999 -9999 -9999 -9999 -9999 1.24 1.35 1.77 1.15 1.77 1.3 1.65 1.26 0.92 1.15 0.75 1.3 0.77 0.61 0.43 0.85 1.515 1.49 2.5 2.35 2.1 2.05 1.9 1.505 2.05 1.69 2.4 2.5 2.5 2.4 2.4 1.86 1.7 1.3 1.84 1.76 1.15 1.05 0.89 0.78 0.59 0.46 0.44 0.42 0.39 0.28 0.26 0.22 0.18 0.18 0.14
-9999 -9999 -9999 -9999 -9999 -9999 -9999 -9999 -9999 -9999 -9999 -9999 -9999 -9999 -9999 -9999 -9999 -9999 -9999 -9999 -9999 -9999 -9999 -9999 -9999 -9999 -9999 -9999 1.83 1.77 -9999 -9999 1.77 1.3 0.99 1.2 0.8 1.1 1.3 0.8 0.56 0.75 0.38 1.545 0.89 1.34 1.01 1.08 1.46 1.9 1.39 1.53 1.54 1.37 2.5 1.47 1.43 2.4 2.4 1.71 1.3 1.3 1.15 1.05 1.4 1.05 0.87 0.93 0.62 0.59 0.4 0.36 0.33 0.3 0.26 0.26 0.21 0.23 0.19
-9999 -9999 -9999 -9999 -9999 -9999 -9999 -9999 -9999 -9999 -9999 -9999 -9999 -9999 -9999 -9999 -9999 -9999 -9999 -9999 -9999 -9999 -9999 -9999 -9999 -9999 -9999 -9999 -9999 1.78 -9999 -9999 -9999 1.78 1.6 0.8 1.07 1.25 1.2 0.85 0.62 0.38 0.38 1.09 0.9 0.85 0.84 0.89 1.15 0.82 0.59 0.78 0.81 0.87 1.37 2.3 2 1.565 1.51 1.05 0.77 1.3 1.3 0.84 1.3 1.89 1.71 1.25 0.84 0.53 0.39 0.32 0.3 0.33 0.27 0.24 0.2 0.26 0.23
-9999 -9999 -9999 -9999 -9999 -9999 -9999 -9999 -9999 -9999 -9999 -9999 -9999 -9999 -9999 -9999 -9999 -9999 -9999 -9999 -9999 -9999 -9999 -9999 -9999 -9999 -9999 -9999 -9999 -9999 -9999 -9999 -9999 -9999 1.65 0.97 1.2 1 0.7 0.39 0.47 0.34 0.43 0.78 0.7 0.67 0.78 0.71 0.61 0.77 0.9 0.55 0.56 0.51 0.42 0.97 1.43 1.525 2.15 0.53 0.94 1.3 0.92 0.82 1.3 1.88 1.91 1.15 0.48 0.38 0.35 0.31 0.28 0.28 0.32 0.26 0.26 0.26 0.26
-9999 -9999 -9999 -9999 -9999 -9999 -9999 -9999 -9999 -9999 -9999 -9999 -9999 -9999 -9999 -9999 -9999 -9999 -9999 -9999 -9999 -9999 -9999 -9999 -9999 -9999 -9999 -9999 -9999 -9999 -9999 -9999 -9999 -9999 -9999 -9999 -9999 0.59 0.31 0.68 0.43 0.41 0.32 0.27 0.56 0.79 0.44 0.61 0.77 0.4 0.53 0.39 0.51 0.79 0.72 0.78 0.38 0.41 0.65 0.41 0.42 0.55 0.74 1.76 1.2 1.67 1 0.84 0.69 0.49 0.49 0.4 0.41 0.35 0.29 0.35 0.27 0.27 0.29
-9999 -9999 -9999 -9999 -9999 -9999 -9999 -9999 -9999 -9999 -9999 -9999 -9999 -9999 -9999 -9999 -9999 -9999 -9999 -9999 -9999 -9999 -9999 -9999 -9999 -9999 -9999 -9999 -9999 -9999 -9999 -9999 -9999 -9999 -9999 -9999 -9999 0.3 0.41 -9999 0.31 0.29 0.32 0.31 0.52 0.81 0.81 0.43 0.71 0.39 0.4 0.52 0.72 0.67 0.42 0.58 0.56 0.61 0.76 0.29 0.53 0.42 1.15 0.84 0.94 1.55 0.93 1.05 1.2 0.76 0.62 0.52 0.62 0.6 0.42 0.33 0.28 0.27 0.28
-9999 -9999 -9999 -9999 -9999 -9999 -9999 -9999 -9999 -9999 -9999 -9999 -9999 -9999 -9999 -9999 -9999 -9999 -9999 -9999 -9999 -9999 -9999 -9999 -9999 -9999 -9999 -9999 -9999 -9999 -9999 -9999 -9999 -9999 -9999 -9999 -9999 -9999 -9999 -9999 0.22 0.39 0.34 0.32 0.34 0.52 0.41 0.45 0.76 0.41 0.39 0.42 0.74 0.54 0.54 0.49 0.52 0.54 0.43 0.24 0.65 0.37 0.9 0.82 1.25 0.84 0.87 1.89 1.3 1.05 0.81 0.48 0.51 0.49 0.4 0.39 0.36 0.24 0.25
-9999 -9999 -9999 -9999 -9999 -9999 -9999 -9999 -9999 -9999 -9999 -9999 -9999 -9999 -9999 -9999 -9999 -9999 -9999 -9999 -9999 -9999 -9999 -9999 -9999 -9999 -9999 -9999 -9999 -9999 -9999 -9999 -9999 -9999 -9999 -9999 -9999 -9999 -9999 -9999 0.19 0.26 0.35 0.28 0.38 0.49 0.49 0.37 0.49 0.4 0.38 0.54 0.53 0.48 0.3 0.47 0.37 0.42 0.3 0.31 0.42 0.5 0.64 0.56 0.55 0.71 0.95 1.55 1.05 1.15 1.1 0.58 0.51 0.51 0.42 0.39 0.33 0.29 0.29
-9999 -9999 -9999 -9999 -9999 -9999 -9999 -9999 -9999 -9999 -9999 -9999 -9999 -9999 -9999 -9999 -9999 -9999 -9999 -9999 -9999 -9999 -9999 -9999 -9999 -9999 -9999 -9999 -9999 -9999 -9999 -9999 -9999 -9999 -9999 -9999 -9999 -9999 -9999 -9999 0.21 0.25 0.27 0.21 0.36 0.3 0.37 0.36 0.37 0.36 0.33 0.37 0.37 0.37 0.39 0.33 0.145 0.145 0.19 0.29 0.43 0.43 0.47 0.57 0.61 1.4 1.79 1.86 1.83 1.15 1.15 0.59 0.61 0.7 0.52 0.41 0.33 0.3 0.25
-9999 -9999 -9999 -9999 -9999 -9999 -9999 -9999 -9999 -9999 -9999 -9999 -9999 -9999 -9999 -9999 -9999 -9999 -9999 -9999 -9999 -9999 -9999 -9999 -9999 -9999 -9999 -9999 -9999 -9999 -9999 -9999 -9999 -9999 -9999 -9999 -9999 -9999 -9999 -9999 0.19 0.26 0.23 0.17 0.32 0.32 0.29 0.38 0.33 0.34 0.3 0.38 0.33 0.32 0.33 0.155 0.135 0.19 0.3 0.32 0.47 0.47 0.55 0.72 0.84 0.85 1.3 1.87 1.69 1.1 0.79 0.85 0.71 0.78 0.51 0.39 0.32 0.31 0.32
-9999 -9999 -9999 -9999 -9999 -9999 -9999 -9999 -9999 -9999 -9999 -9999 -9999 -9999 -9999 -9999 -9999 -9999 -9999 -9999 -9999 -9999 -9999 -9999 -9999 -9999 -9999 -9999 -9999 -9999 -9999 -9999 -9999 -9999 -9999 -9999 -9999 -9999 -9999 -9999 0.19 0.26 0.21 0.21 0.27 0.27 0.23 0.27 0.26 0.32 0.26 0.19 0.27 0.27 0.145 0.09 0.145 0.19 0.19 0.27 0.29 0.38 0.56 0.51 0.43 0.6 0.73 0.84 0.93 1 1 1.55 1.25 0.94 0.53 0.52 0.33 0.32 0.31
-9999 -9999 -9999 -9999 -9999 -9999 -9999 -9999 -9999 -9999 -9999 -9999 -9999 -9999 -9999 -9999 -9999 -9999 -9999 -9999 -9999 -9999 -9999 -9999 -9999 -9999 -9999 -9999 -9999 -9999 -9999 -9999 -9999 -9999 -9999 -9999 -9999 -9999 -9999 -9999 0.16 0.15 0.21 0.17 0.17 0.17 0.19 0.23 0.27 0.22 0.17 0.21 0.21 0.22 0.085 0.125 0.125 0.17 0.18 0.17 0.35 0.31 0.38 0.46 0.92 0.87 1.05 1.875 1.55 1.71 1.77 1.15 1.15 0.93 0.61 0.41 0.38 0.34 0.32
-9999 -9999 -9999 -9999 -9999 -9999 -9999 -9999 -9999 -9999 -9999 -9999 -9999 -9999 -9999 -9999 -9999 -9999 -9999 -9999 -9999 -9999 -9999 -9999 -9999 -9999 -9999 -9999 -9999 -9999 -9999 -9999 -9999 -9999 -9999 -9999 -9999 -9999 -9999 -9999 0.125 0.145 0.18 0.145 0.2 0.21 0.23 0.27 0.21 0.095 0.085 0.105 0.065 0.065 0.085 0.13 0.125 0.155 0.22 0.21 0.38 0.34 0.34 0.56 0.7 0.87 0.87 1.1 1.55 1.3 1.72 1.1 0.89 0.83 0.38 0.41 0.32 0.35 0.31
-9999 -9999 -9999 -9999 -9999 -9999 -9999 -9999 -9999 -9999 -9999 -9999 -9999 -9999 -9999 -9999 -9999 -9999 -9999 -9999 -9999 -9999 -9999 -9999 -9999 -9999 -9999 -9999 -9999 -9999 -9999 -9999 -9999 -9999 -9999 -9999 -9999 -9999 0 0 0.115 0.155 0.1 0.145 0.16 0.27 0.25 0.155 0.105 0.125 0.105 0.095 0.09 0.085 0.095 0.13 0.085 0.14 0.21 0.25 0.145 0.23 0.39 0.47 0.56 0.84 1 1.1 0.67 0.73 0.95 0.48 0.47 0.49 0.42 0.37 0.37 0.31 0.41
-9999 -9999 -9999 -9999 -9999 -9999 -9999 -9999 -9999 -9999 -9999 -9999 -9999 -9999 -9999 -9999 -9999 -9999 -9999 -9999 -9999 -9999 -9999 -9999 -9999 -9999 -9999 -9999 -9999 -9999 -9999 -9999 -9999 -9999 -9999 -9999 -9999 -9999 0.135 0.09 0.075 0.145 0.14 0.23 0.24 0.24 0.2 0.085 0.105 0.09 0.085 0.085 0.09 0.095 0.085 0.115 0.13 0.115 0.17 0.135 0.17 0.165 0.39 0.4 0.49 0.63 0.675 0.66 0.58 0.51 0.49 0.58 0.57 0.58 0.48 0.36 0.31 0.36 0.39
-9999 -9999 -9999 -9999 -9999 -9999 -9999 -9999 -9999 -9999 -9999 -9999 -9999 -9999 -9999 -9999 -9999 -9999 -9999 -9999 -9999 -9999 -9999 -9999 -9999 -9999 -9999 -9999 -9999 -9999 -9999 -9999 -9999 -9999 -9999 -9999 -9999 -9999 0.105 0.115 0.115 0.105 0.16 0.25 0.27 0.27 0.135 0.095 0.115 0.085 0.075 0.065 0.07 0.075 0.075 0.085 0.115 0.12 0.14 0.115 0.22 0.23 0.31 0.37 0.53 0.48 0.52 0.63 0.64 0.6 0.54 0.63 0.51 0.41 0.37 0.37 0.31 0.46 0.27
-9999 -9999 -9999 -9999 -9999 -9999 -9999 -9999 -9999 -9999 -9999 -9999 -9999 -9999 -9999 -9999 -9999 -9999 -9999 -9999 -9999 -9999 -9999 -9999 -9999 -9999 -9999 -9999 -9999 -9999 -9999 -9999 -9999 -9999 -9999 -9999 -9999 0.085 0.095 0.13 0.095 0.135 0.085 0.07 0.075 0.07 0.065 0.07 0.075 0.0453 0.055 0.07 0.065 0.085 0.075 0.065 0.08 0.085 0.085 0.105 0.12 0.125 0.16 0.24 0.24 0.25 0.25 0.33 0.39 0.38 0.37 0.48 0.53 0.76 0.63 0.36 0.32 0.34 0.29
-9999 -9999 -9999 -9999 -9999 -9999 -9999 -9999 -9999 -9999 -9999 -9999 -9999 -9999 -9999 -9999 -9999 -9999 -9999 -9999 -9999 -9999 -9999 -9999 -9999 -9999 -9999 -9999 -9999 -9999 -9999 -9999 -9999 -9999 -9999 -9999 0.075 0.125 0.15 0.135 0.075 0.105 0.07 0.08 0.065 0.065 0.055 0.07 0.075 0.055 0.085 0.065 0.075 0.075 0.06 0.065 0.095 0.075 0.0575 0.075 0.1 0.12 0.1875 0.23 0 0.32 0.26 0 0.31 0.36 0.62 0.69 0.7 0.69 0.57 0.52 0.49 0.32 0.31
-9999 -9999 -9999 -9999 -9999 -9999 -9999 -9999 -9999 -9999 -9999 -9999 -9999 -9999 -9999 -9999 -9999 -9999 -9999 -9999 -9999 -9999 -9999 -9999 -9999 -9999 -9999 -9999 -9999 -9999 -9999 -9999 -9999 -9999 -9999 0.125 0.14 0.17 0.14 0.125 0.115 0.09 0.075 0.075 0.085 0.055 0.07 0.07 0.06 0.0375 0.095 0.08 0.06 0.095 0.06 0.06 0.065 0.105 0.085 0.125 0.095 0.09 0.24 0.23 0 -9999 0.37 0.28 0.24 0.64 0.61 0.27 0.27 0.4 0.43 0.31 0.45 0.24 0.33
-9999 -9999 -9999 -9999 -9999 -9999 -9999 -9999 -9999 -9999 -9999 -9999 -9999 -9999 -9999 -9999 -9999 -9999 -9999 -9999 -9999 -9999 -9999 -9999 -9999 -9999 -9999 -9999 -9999 -9999 -9999 -9999 0.095 0.075 0.06 0.095 0.12 0.125 0.125 0.105 0.085 0.065 0.085 0.075 0.06 0.055 0.055 0.065 0.0625 0.0459 0.085 0.08 0.0459 0.0575 0.0575 0.06 0.075 0.085 0.115 0.135 0.135 0.135 0.135 0.135 0.27 -9999 0.33 0.27 0.31 0.47 0.28 0.31 0.34 0.28 0.32 0.26 0.22 0.32 -9999
-9999 -9999 -9999 -9999 -9999 -9999 -9999 -9999 -9999 -9999 -9999 -9999 -9999 -9999 -9999 -9999 -9999 -9999 -9999 -9999 -9999 -9999 -9999 -9999 -9999 -9999 -9999 -9999 -9999 -9999 0.085 0.06 0.0625 0.0453 0.095 0.135 0.14 0.115 0.135 0.085 0.095 0.07 0.07 0.07 0.065 0.055 0.0459 0.0459 0.06 0.06 0.06 0.075 0.0453 0.0625 0.05 0.075 0.075 0.09 0.105 0.105 0.135 0.095 0.14 0.115 0.125 0.19 0.26 0.22 0.26 0.27 0.27 0.4 0.31 -9999 -9999 0.26 0.24 -9999 0.23
-9999 -9999 -9999 -9999 -9999 -9999 -9999 -9999 -9999 -9999 -9999 -9999 -9999 -9999 -9999 -9999 -9999 -9999 -9999 -9999 -9999 -9999 -9999 -9999 -9999 -9999 -9999 -9999 -9999 -9999 0.06 0.07 0.0459 0.075 0.085 0.095 0.12 0.105 0.085 0.075 0.095 0.095 0.065 0.065 0.055 0.055 0.075 0.06 0.0375 0.0444 0.0455 0.0425 0.08 0.0425 0.085 0.085 0.08 0.08 0.095 0.125 0.13 0.115 0.12 0.17 0.18 0.125 0 0.19 0.21 0.32 -9999 -9999 -9999 -9999 -9999 -9999 -9999 0.47 0.26
-9999 -9999 -9999 -9999 -9999 -9999 -9999 -9999 -9999 -9999 -9999 -9999 -9999 -9999 -9999 -9999 -9999 -9999 -9999 -9999 -9999 -9999 -9999 -9999 -9999 -9999 -9999 -9999 0 0.0459 0.055 0.055 0.095 0.075 0.09 0.095 0.125 0.125 0.065 0.045 0.055 0.065 0.05 0.055 0.065 0.0459 0.0453 0.06 0.0444 0.0455 0.0451 0.045 0.04 0.05 0.085 0.085 0.085 0.075 0.0575 0.105 0.13 0.095 0.19 0.135 0.18 0.125 0.18 -9999 -9999 -9999 1.5 0.39 -9999 0.21 0.22 0 -9999 -9999 -9999
-9999 -9999 -9999 -9999 -9999 -9999 -9999 -9999 -9999 -9999 -9999 -9999 -9999 -9999 -9999 -9999 -9999 -9999 -9999 -9999 -9999 -9999 -9999 -9999 -9999 -9999 -9999 -9999 0.0459 0.055 0.0444 0.065 0.065 0.055 0.085 0.095 0.095 0.115 0.095 0.065 0.065 0.08 0.055 0.0375 0.095 0.0375 0.0459 0.06 0.0375 0.0452 0.0449 0.04 0.05 0.065 0.085 0.065 0.085 0.085 0.08 0.085 0.09 0.095 0.115 0.19 0.125 0.16 0.125 0.2 0.22 0 0.24 0.23 0.23 0.19 0.21 0.16 0.17 0.42 -9999
-9999 -9999 -9999 -9999 -9999 -9999 -9999 -9999 -9999 -9999 -9999 -9999 -9999 -9999 -9999 -9999 -9999 -9999 -9999 -9999 -9999 -9999 -9999 -9999 -9999 -9999 -9999 0.075 0.07 0.095 0.085 0.075 0.075 0.155 0.085 0.085 0.07 0.085 0.08 0.06 0.055 0.07 0.065 0.07 0.065 0.05 0.055 0.0449 0.0449 0.04 0.045 0.06 0.085 0.085 0.065 0.065 0.055 0.085 0.085 0.065 0.0575 0.095 0.115 0.135 0.14 0.18 0.19 0.135 0.16 0.14 0.16 0.22 0.31 0.22 0.16 0.24 0.16 0.16 0.22
-9999 -9999 -9999 -9999 -9999 -9999 -9999 -9999 -9999 -9999 -9999 -9999 -9999 -9999 -9999 -9999 -9999 -9999 -9999 -9999 -9999 -9999 -9999 -9999 -9999 -9999 0.085 0.08 0.085 0.125 0.055 0.115 0.105 0.115 0.065 0.07 0.085 0.095 0.06 0.075 0.055 0.065 0.055 0.065 0.06 0.06 0.05 0.055 0.05 0.055 0.04 0.055 0.055 0.085 0.065 0.055 0.085 0.085 0.085 0.065 0.075 0.095 0.08 0.095 0.12 0.135 0.125 0.16 0.22 0.23 0.16 0.2 0.23 0.16 0.17 0.22 0.24 0.23 0.15
-9999 -9999 -9999 -9999 -9999 -9999 -9999 -9999 -9999 -9999 -9999 -9999 -9999 -9999 -9999 -9999 -9999 -9999 -9999 -9999 -9999 -9999 -9999 -9999 -9999 0.075 0.065 0.085 0.085 0.07 0.095 0.105 0.12 0.065 0.06 0.06 0.095 0.065 0.0625 0.065 0.055 0.055 0.055 0.075 0.055 0.055 0.06 0.065 0.085 0.055 0.0475 0.0525 0.055 0.05 0.07 0.085 0.085 0.085 0.085 0.07 0.085 0.08 0.09 0.095 0.125 0.135 0.135 0.18 0.2 0.23 0.23 0.18 0.21 0.29 0.21 0.15 0.22 0.22 0.17
-9999 -9999 -9999 -9999 -9999 -9999 -9999 -9999 -9999 -9999 -9999 -9999 -9999 -9999 -9999 -9999 -9999 -9999 -9999 -9999 -9999 -9999 -9999 -9999 -9999 0.0575 0.065 0.095 0.095 0.06 0.095 0.06 0.0453 0.07 0.075 0.065 0.055 0.065 0.07 0.055 0.065 0.065 0.065 0.07 0.055 0.065 0.085 0.065 0.07 0.055 0.0525 0.0475 0.055 0.04 0.05 0.07 0.065 0.085 0.085 0.065 0.075 0.085 0.105 0.075 0.105 0.105 0.13 0.125 0.18 0.21 0.16 0.135 0.19 0.2 0.18 0.14 0.16 0.14 0.19
-9999 -9999 -9999 -9999 -9999 -9999 -9999 -9999 -9999 -9999 -9999 -9999 -9999 -9999 -9999 -9999 -9999 0.035 0.045 0.035 0.035 -9999 -9999 -9999 0.06 0.06 0.07 0.065 0.06 0.055 0.06 0.0459 0.055 0.06 0.055 0.085 0.065 0.065 0.065 0.055 0.055 0.065 0.07 0.06 0.055 0.055 0.065 0.06 0.05 0.06 0.05 0.0475 0.055 0.055 0.055 0.055 0.05 0.055 0.065 0.085 0.085 0.075 0.055 0.085 0.085 0.105 0.14 0.115 0.19 0.18 0.16 0.18 0.18 0.21 0.18 0.105 0.16 0.2 0.2
-9999 -9999 -9999 -9999 -9999 -9999 -9999 -9999 -9999 -9999 -9999 -9999 -9999 -9999 -9999 0.045 0.055 0.0575 0.0575 0.045 0.035 -9999 -9999 0.0575 0.0454 0.055 0.06 0.055 0.065 0.065 0.065 0.075 0.075 0.07 0.055 0.095 0.06 0.065 0.065 0.065 0.055 0.05 0.055 0.065 0.055 0.055 0.06 0.05 0.06 0.05 0.05 0.0475 0.07 0.055 0.055 0.055 0.055 0.085 0.065 0.085 0.085 0.065 0.105 0.075 0.095 0.115 0.125 0.12 0.125 0.18 0.2 0.135 0.135 0.16 0.13 0.11 0.21 0.21 0.2
