GIS/uga_population.asc
ncols         121
nrows         127
xllcorner     118236.49319105
yllcorner     -163800.7987251
cellsize      5000
NODATA_value  -9999
[rows 72 to 107 of 127, columns 0 to 82 of 121]
-9999 -9999 -9999 -9999 -9999 -9999 -9999 -9999 -9999 -9999 -9999 -9999 -9999 -9999 214 234 659 104 82 127 291 3105 9018 8532 8315 7366 7704 8598 8356 7317 4482 5506 4772 6203 5931 8133 6258 5872 4948 5070 4063 3890 3992 2715 4609 4941 3319 3086 3847 1488 571 399 370 984 255 337 628 266 235 214 296 715 1427 992 3570 1765 1258 1770 1608 1529 1797 1532 2973 3903 7291 3356 4535 5059 6846 9318 6838 7201 6754
-9999 -9999 -9999 -9999 -9999 -9999 -9999 -9999 -9999 -9999 -9999 -9999 -9999 -9999 1270 488 164 124 117 143 682 2671 7127 9062 8962 8523 12875 19924 6988 8502 5126 4137 2851 3875 5238 10065 5706 4565 4042 3251 3254 3767 4693 4932 7181 7657 4655 4253 12711 4620 1025 758 556 1818 418 172 273 859 489 280 342 645 946 1210 4219 2469 2733 2067 2062 2409 2111 1290 2585 8146 4954 3439 4966 7762 14517 27807 8223 7833 13559
-9999 -9999 -9999 -9999 -9999 -9999 -9999 -9999 -9999 -9999 -9999 -9999 -9999 2308 1853 804 159 232 905 2474 3671 6335 4717 3708 5046 8562 12036 7852 7437 6144 6598 4673 3327 2590 3132 4816 5681 3742 4731 4071 3861 3302 3134 3562 3433 3455 3224 4090 8876 11129 2860 1361 777 491 395 250 292 476 1697 499 705 1339 2865 1940 5344 4119 3193 2456 3776 3187 1762 1789 3158 6697 4405 3958 5418 6046 14097 9190 8930 8424 10993
-9999 -9999 -9999 -9999 -9999 -9999 -9999 -9999 -9999 -9999 1254 1083 1233 3595 2715 657 159 885 2993 4611 4271 6086 5574 4681 3311 7092 6004 5789 4036 2591 3642 6093 3469 2194 2892 2885 4771 3279 3433 3371 4875 4923 3904 3651 3196 3723 3585 2537 3791 4510 2747 7318 2345 737 410 677 354 384 967 1487 2238 5150 9911 3869 19192 27500 4457 4421 8600 2559 2450 1915 4025 12884 5115 4476 6642 11619 8315 9445 10403 17113 12637
-9999 -9999 -9999 -9999 -9999 -9999 -9999 -9999 -9999 2239 3686 6833 6834 4407 10245 1645 1525 2149 4019 2137 3244 5428 6418 5116 3756 5839 7854 5153 3114 2563 3935 2430 3834 5730 3760 3846 3543 3724 4487 5993 3840 3659 3102 3398 3574 3420 2538 2716 4363 5436 1745 2872 4711 1507 919 1182 330 337 546 2204 1072 2331 5456 2372 3542 12079 2889 4131 3679 2815 2114 4800 3011 7548 6477 6859 11675 8833 5856 12431 9182 11607 7849
-9999 -9999 -9999 -9999 -9999 -9999 -9999 -9999 -9999 4499 12443 11489 8824 5039 6956 4338 5076 3798 6220 3221 2438 4935 4387 3519 5047 7226 6276 5311 4882 3208 2412 2654 3193 5889 4820 3198 3897 3275 3843 4231 3257 3251 3409 3628 3084 2197 2508 4058 5160 5777 2192 2815 4579 4285 1760 1846 455 474 1249 4275 2218 3601 4702 5392 4575 13601 5753 4629 3683 4535 2377 5066 3461 4867 5355 9113 14282 9478 11240 12799 9199 10659 12352
-9999 -9999 -9999 -9999 -9999 -9999 -9999 -9999 -9999 13187 19174 20839 8008 8110 6850 8612 4981 5203 4794 5222 4543 4850 5526 4739 5664 6312 5739 4890 4599 3234 5544 2961 3123 3116 3166 4644 3282 3142 2449 3983 2825 3783 4315 3215 2972 2935 2973 3326 5893 4239 4509 2859 4835 4284 7207 3764 1109 1221 2341 4900 2872 4721 6999 9740 5308 23338 11196 7981 4035 5998 4414 8088 5592 4743 21250 6722 7396 7984 8645 8721 7906 11164 8483
-9999 -9999 -9999 -9999 -9999 -9999 -9999 -9999 -9999 24474 11048 4599 4818 11707 16695 37343 13982 6743 5428 6297 6193 6550 5858 4271 5679 4353 3629 3584 4640 3237 5537 6505 4081 3056 3478 4356 3710 3547 3478 7716 3344 4619 6233 4023 3255 3892 2825 3360 4070 4093 11253 3460 2594 4040 5249 5129 4767 2774 4931 7260 4827 4034 3225 4218 5879 9082 5956 9142 7459 11235 3594 3451 15982 6437 14586 10132 8703 9050 10527 10910 22042 8715 8949
-9999 -9999 -9999 -9999 -9999 -9999 -9999 -9999 -9999 10738 4406 3355 5299 9621 14882 19533 10206 4957 2777 3677 6270 5979 5791 12066 5923 3673 2999 2661 3794 3204 3505 5565 5274 5845 4756 5318 4639 3511 3467 3148 4370 3691 3501 4114 4812 5169 3497 3283 3086 3144 4642 3881 3217 2379 2354 2572 4360 5362 2994 3120 4076 17059 4397 3622 7336 9374 6912 5088 6620 7093 3850 4902 9605 4055 4274 8361 11653 7760 8895 9140 15857 9337 9935
-9999 -9999 -9999 -9999 -9999 -9999 -9999 -9999 -9999 2060 2955 3981 6938 12909 11128 7696 7856 2831 1560 2497 5752 6106 4779 5149 3959 3874 5730 5092 5215 4812 4151 4478 4390 5725 4604 4980 7458 5781 4883 5101 36721 4413 3064 3085 4338 4673 6000 5972 4516 4726 6362 3536 4619 5080 5548 2841 2668 3676 14320 6251 3607 4048 5177 5603 4974 18018 25134 7238 13852 5988 4465 6410 6904 4726 4737 2656 13679 13365 10611 14874 11211 11165 5692
-9999 -9999 -9999 -9999 -9999 -9999 -9999 -9999 -9999 1406 1645 4509 7215 12608 8081 4807 4612 2231 1265 1398 1905 4337 2975 3092 2738 4435 4161 3064 5112 6967 9188 5637 4147 3771 3970 5658 6114 5517 5209 5745 21120 6444 3755 3687 3389 3059 3742 5446 4050 6697 11666 3586 2683 3760 3888 2736 2978 3770 5898 7853 4682 6521 9119 6910 8724 10747 8205 11241 13859 6373 7052 20737 7305 5656 2676 1362 4974 14326 9318 17059 9773 11119 6183
-9999 -9999 -9999 -9999 -9999 -9999 -9999 -9999 -9999 1532 2506 4109 5836 12018 12020 5071 4229 2875 1260 1042 1021 2626 3291 3125 2628 4173 5195 4665 6442 5733 5287 5406 7717 11407 7672 8168 9066 5895 10591 4115 3937 2947 2825 5352 4554 3414 3232 3372 3592 3625 3630 4804 3139 2673 7679 3333 3660 5491 3960 5591 5635 8592 8414 5620 10824 30199 12660 21546 25201 12605 15636 6297 8854 3796 2396 1527 2476 4343 5016 13316 25777 74126 13292
-9999 -9999 -9999 -9999 -9999 -9999 -9999 -9999 2350 3049 3811 6165 7881 10761 13003 6380 3913 1571 1639 1403 1122 4844 5849 2700 3603 7604 6852 5660 7331 7586 6571 5426 5795 6758 4996 4579 5479 6165 6427 3793 3292 2637 2878 2917 1773 2106 7324 11312 3717 4430 5719 5949 6734 4593 5975 5412 2784 3199 3754 5464 5114 8432 17932 11925 16094 48473 43153 74313 46690 6441 8065 10151 3803 5926 2947 1907 1318 1573 4955 28558 63315 37369 1743
-9999 -9999 -9999 -9999 -9999 -9999 -9999 4865 6141 4063 4353 8825 14922 12054 13550 8794 2938 1328 4259 4927 3698 4489 4543 3152 6234 6542 5285 5940 6690 6174 6011 7284 5652 10247 8491 3562 7701 7505 3807 3194 2438 2727 2059 2262 2058 2413 3053 2975 2369 3220 2590 2342 1404 4140 17684 37751 5161 10401 6925 7596 4179 5436 12906 12987 50672 103751 186320 137914 126042 36826 21988 17092 13348 13972 16706 16156 5825 3535 7793 21930 24226 8543 1174
-9999 -9999 -9999 -9999 -9999 -9999 -9999 7682 4374 3055 4202 5293 5418 6598 7192 4053 1203 915 4484 6780 4166 4073 4789 8070 10732 6411 5439 6904 6537 5549 5184 4958 6262 10345 8746 2863 4569 3403 3456 2689 2222 2128 2001 1920 2317 2131 1551 1405 1560 1711 1468 250 194 747 3408 4703 4200 6765 3753 4268 3703 3925 9452 15949 41588 145722 291067 189176 163488 60596 54102 30489 11215 9410 20412 14957 10491 11592 5916 7799 7859 4382 389
-9999 -9999 -9999 -9999 -9999 -9999 -9999 8853 3826 2433 3584 5593 3887 12627 3446 1871 812 778 3487 5655 3850 5703 4920 4071 8421 5794 5042 4219 5806 5468 4195 4207 3166 4104 2929 2630 2227 1754 2068 1658 1297 967 881 787 924 1430 1103 1008 1038 1000 1845 1561 2466 3060 2404 3579 4171 6845 4028 2976 2774 3098 6513 24738 64769 151650 234179 198524 112480 25403 7355 12074 3681 4279 4132 5645 5965 8335 11861 8589 1083 1596 4400
-9999 -9999 -9999 -9999 -9999 -9999 3630 4664 2550 2963 4018 6993 11677 4568 3961 1617 993 946 2317 5093 2796 4586 3332 2264 5714 3378 2297 1686 1806 2832 4792 2720 2034 1588 2129 5294 2765 2382 1819 581 580 625 1021 629 698 1614 942 907 1302 932 3198 5854 5259 5187 2662 3258 3395 5563 6529 5890 4788 5939 7991 16419 52115 81359 185544 200150 43413 4826 4166 6033 13394 4956 8558 6624 7585 6814 5542 8343 331 5499 6266
-9999 -9999 -9999 -9999 -9999 -9999 2571 4061 4237 7894 7848 13405 9469 2652 1207 692 1596 2249 3551 6424 3884 4893 2784 4763 2901 2563 2714 1668 1607 3564 2098 1846 1826 2052 2262 5365 2223 2181 1341 638 1386 711 674 580 648 1788 3586 1284 1662 2404 3057 3962 3014 3704 4946 6800 3454 6722 7564 3097 4904 20214 5216 6247 10088 24460 93805 81192 3889 3667 3197 5693 5598 3186 7780 4361 4673 3069 1669 1615 737 674 5026
-9999 -9999 -9999 -9999 -9999 -9999 2955 3817 5795 11946 10944 50449 3972 7622 1155 686 1638 3334 3546 11645 4260 6363 3145 3666 2132 2769 4154 3599 3078 2564 1809 1529 2054 2920 1850 2774 1269 1834 911 606 608 557 1086 887 723 1588 1342 1690 2534 5042 6124 5647 6135 5670 3427 3615 10379 3779 4482 7661 4818 3669 6374 8277 13367 14468 33351 355 506 1319 1979 7901 5457 1258 2688 5834 2930 2901 489 912 2137 2393 5238
-9999 -9999 -9999 -9999 7083 4822 6351 4423 6468 9324 3483 2693 1568 2139 654 549 1358 3346 4582 7060 4784 5571 5084 2775 2894 3801 6040 3538 4003 3527 3161 2793 1243 2245 2023 2917 1031 798 944 624 930 897 1092 454 653 2032 1461 2472 6248 3505 3055 3012 3414 7073 10308 5158 3308 3551 7473 4970 3690 3053 3596 5844 7263 39513 32223 1449 232 3860 6985 3119 491 683 2213 2917 2533 658 1040 2295 1522 -9999 3172
-9999 -9999 -9999 12548 9912 5822 11136 16072 4892 1472 2135 557 1260 1119 233 832 2948 5782 7488 5821 6330 3923 4897 5755 3098 2708 3803 2606 2846 2683 1587 1939 935 4807 4164 1528 1745 768 619 1069 1333 730 555 864 1006 1201 1368 1913 1593 2330 3087 3904 4730 2712 3752 4639 14886 3661 3494 3012 2806 2974 1663 3656 58359 46536 6411 263 249 724 -9999 -9999 -9999 120 1557 1239 591 576 1454 -9999 -9999 171 1482
-9999 -9999 -9999 41807 39037 7195 10350 5192 1860 1253 727 628 101 -9999 -9999 192 4611 7977 7406 5803 9765 6214 5859 3456 3391 2890 2563 2103 3086 1526 1161 1402 943 2028 1348 1176 3946 1708 770 640 702 491 543 1307 1354 2732 2511 3104 3136 2105 2214 3645 2904 5670 4751 9488 6581 2518 2236 2870 2611 4073 2568 13918 24515 1419 995 22 -9999 -9999 -9999 1238 595 -9999 1441 876 137 333 89 -9999 -9999 682 3465
-9999 -9999 -9999 -9999 7304 14328 10360 1552 1069 1778 719 715 521 134 -9999 630 5785 9466 7448 5932 4682 6004 4122 2842 3242 2764 2466 1785 1984 2064 1187 1692 2212 2247 1183 775 784 894 1395 1561 761 1206 1417 1602 3612 4659 4903 3738 4938 5135 3029 1551 2627 3431 10656 5028 3375 2148 2310 1779 3007 55 266 39 -9999 -9999 -9999 -9999 160 52 344 2473 65 9 1962 32 -9999 -9999 -9999 -9999 -9999 -9999 -9999
-9999 -9999 -9999 253 1314 6357 3602 471 758 758 693 475 625 173 149 11376 8788 8558 6413 6143 7476 3432 4046 4181 3318 2643 6564 2509 1569 1289 824 1019 1680 2491 1300 837 1347 1107 926 1313 1749 3780 3505 2085 4886 7863 5307 4248 8067 5141 3746 2180 1913 6506 3119 1027 735 1722 1576 25 13 -9999 -9999 -9999 -9999 -9999 -9999 -9999 -9999 19 1439 954 599 -9999 -9999 -9999 -9999 -9999 -9999 4737 1109 -9999 -9999
-9999 -9999 -9999 2 635 9274 3476 778 747 1193 1464 505 348 406 3145 5126 5871 8873 9525 8845 9255 5675 6145 6760 5320 3383 2047 1843 881 1167 1138 1194 1688 1782 2386 1623 1070 1243 975 1149 3115 3258 5960 6393 5123 5356 4473 3835 8043 6285 3778 3609 3638 3474 667 1331 -9999 -9999 5 -9999 -9999 -9999 -9999 -9999 -9999 -9999 -9999 738 337 1347 2535 2979 522 -9999 -9999 -9999 -9999 -9999 -9999 -9999 -9999 2305 -9999
-9999 -9999 -9999 -9999 9 1869 3775 3868 656 489 912 2040 2249 1894 4316 2445 1838 4349 6373 11440 14699 6897 7286 5373 4325 2081 1870 2293 887 659 1891 2456 1162 830 1266 1212 766 1555 1454 1753 2331 4035 6818 5041 5353 7848 4702 3727 5293 4031 5501 16892 1300 -9999 -9999 -9999 -9999 -9999 -9999 5 58 -9999 -9999 -9999 -9999 -9999 -9999 -9999 -9999 2 122 35 -9999 -9999 -9999 -9999 -9999 -9999 -9999 -9999 -9999 302 -9999
-9999 -9999 -9999 -9999 -9999 9 8 814 537 461 685 6511 7865 12340 6899 2496 1784 5154 7226 4908 5732 5626 6466 4949 3182 3489 1464 2780 3232 1478 4204 1073 764 796 806 2402 1049 1038 2677 4238 4014 6531 6272 4772 4041 5847 8633 6795 7111 4512 12057 3445 818 989 -9999 -9999 -9999 -9999 -9999 122 1315 672 -9999 -9999 -9999 -9999 -9999 -9999 -9999 -9999 -9999 -9999 -9999 -9999 -9999 -9999 -9999 -9999 -9999 -9999 12 -9999 -9999
-9999 -9999 -9999 -9999 -9999 -9999 46 287 355 475 504 4761 7466 8868 5361 1876 2053 4103 7118 6180 3882 7953 6777 5867 3506 4880 2635 1754 1377 1391 1930 1583 1044 706 1482 3762 2172 5169 3685 6570 3502 5308 15459 5279 5463 6627 5321 6610 11806 5092 8804 2060 494 866 27 1021 1636 1424 884 -9999 110 1217 945 241 37 -9999 1193 533 -9999 -9999 -9999 -9999 -9999 -9999 -9999 -9999 -9999 -9999 -9999 -9999 -9999 -9999 -9999
-9999 -9999 -9999 -9999 -9999 -9999 88 410 338 293 1006 14071 9782 2582 1515 2393 3948 5359 5014 6729 5659 7333 7775 5303 4072 3327 1941 1408 1233 825 519 574 785 666 2539 4282 3384 2539 3654 5944 4184 4758 8020 5195 5469 6974 8261 4801 14633 10741 4125 2247 797 1230 1779 145 883 1787 1 79 304 -9999 256 60 -9999 -9999 -9999 -9999 -9999 -9999 -9999 -9999 -9999 -9999 -9999 -9999 -9999 -9999 91 -9999 -9999 -9999 -9999
-9999 -9999 -9999 -9999 -9999 -9999 628 560 270 374 1273 4349 2755 1274 1255 2579 4339 5321 6130 6802 6224 5310 15068 3986 3940 2426 1835 996 948 1088 619 203 234 514 2822 4858 3855 2725 4450 4281 5286 3832 4866 5657 10347 7312 5769 22439 72732 9398 4294 2475 955 1795 200 42 302 1313 1001 2568 6219 297 691 165 457 316 660 2274 -9999 -9999 27 -9999 -9999 -9999 -9999 -9999 -9999 -9999 -9999 -9999 -9999 -9999 -9999
-9999 -9999 -9999 -9999 1 262 485 323 399 619 990 1978 3664 2713 1867 3557 3999 6124 5459 5975 7491 6411 5735 3442 3264 1516 1088 774 148 487 198 254 367 582 2744 5431 5178 6864 10449 9922 6272 6351 9894 5874 10182 7977 5349 14299 16345 4878 3856 910 746 634 -9999 -9999 -9999 -9999 22 920 1258 191 844 916 1010 586 925 -9999 -9999 -9999 -9999 -9999 -9999 -9999 -9999 -9999 -9999 -9999 -9999 -9999 -9999 -9999 -9999
-9999 -9999 -9999 72 1290 860 539 351 553 623 1170 2728 4783 6925 4567 4501 3939 5322 5912 7026 7933 4991 8232 2444 2843 1400 1520 886 857 148 105 365 736 1601 4477 18233 4025 3057 5665 7373 8090 6381 5791 4551 3710 4350 8071 5228 4602 3131 3161 2022 1421 1 -9999 -9999 -9999 19 833 1254 904 450 1370 142 348 1571 4 -9999 -9999 -9999 -9999 -9999 -9999 -9999 -9999 -9999 -9999 -9999 -9999 -9999 -9999 -9999 -9999
-9999 -9999 648 696 981 1100 550 640 1045 4766 2243 6216 6595 8310 7774 6935 6908 6987 9547 7010 3758 3223 6504 3222 4045 2355 1482 896 1552 639 187 1143 4019 2031 1469 2790 5328 4696 4317 5019 3642 3718 4639 8819 3847 4707 9408 5158 3934 3548 2338 814 -9999 -9999 -9999 -9999 -9999 188 1538 635 542 544 10 -9999 909 688 -9999 -9999 -9999 -9999 -9999 -9999 -9999 -9999 -9999 -9999 -9999 -9999 -9999 -9999 -9999 -9999 -9999
-9999 -9999 1034 687 1128 1039 500 1061 7638 9858 8058 8371 8871 8301 5168 8400 7188 8054 7656 5621 2415 2666 3521 2837 2925 6864 4540 1617 2139 4730 1407 1777 1091 799 677 3675 4636 4402 5110 4229 4835 8037 7605 6477 8142 11091 6114 5172 3893 3473 1255 -9999 -9999 -9999 -9999 -9999 -9999 2106 179 10 1070 639 -9999 -9999 328 9 -9999 -9999 -9999 -9999 -9999 -9999 -9999 -9999 -9999 -9999 -9999 -9999 -9999 -9999 -9999 -9999 -9999
-9999 -9999 543 821 1041 899 641 1717 7700 8991 6625 7625 20390 13150 8193 8504 7863 9128 9369 3981 2479 2826 2319 2120 3374 5622 3253 2087 1717 1745 1391 128 103 113 260 3438 3940 8968 5126 6512 6029 4658 5879 4604 4661 12161 6812 6322 3264 2480 84 -9999 -9999 -9999 -9999 -9999 -9999 322 15 283 75 -9999 -9999 -9999 -9999 -9999 -9999 -9999 -9999 -9999 -9999 -9999 -9999 -9999 -9999 -9999 -9999 -9999 -9999 -9999 -9999 -9999 -9999
-9999 -9999 1360 1036 1543 3161 2195 3759 8629 8520 8479 8947 8730 6879 5986 6106 5426 11000 11298 4061 3479 3819 3809 24088 75791 9232 1777 1029 440 192 341 128 88 99 1341 1472 2338 4431 7542 5124 5077 4756 6869 4923 4936 3630 3434 4084 3244 902 -9999 -9999 -9999 -9999 -9999 -9999 -9999 -9999 89 9 53 38 142 -9999 -9999 -9999 -9999 -9999 -9999 -9999 -9999 -9999 -9999 -9999 -9999 -9999 -9999 -9999 -9999 -9999 -9999 -9999 -9999
