GIS/uga_population.asc
ncols         121
nrows         127
xllcorner     118236.49319105
yllcorner     -163800.7987251
cellsize      5000
NODATA_value  -9999
[rows 36 to 71 of 127, columns 0 to 82 of 121]
-9999 -9999 -9999 -9999 -9999 -9999 -9999 -9999 -9999 -9999 -9999 -9999 -9999 -9999 -9999 -9999 -9999 -9999 -9999 -9999 -9999 -9999 -9999 -9999 -9999 -9999 -9999 5626 5357 10727 4598 2025 5111 1940 982 802 769 1211 1189 1740 3293 1006 946 1567 700 278 239 236 263 276 394 786 7988 6970 2154 1017 1061 3384 2966 2126 2088 5486 2049 3660 6747 3264 3716 2909 2822 2449 3496 2934 3816 2862 2874 2476 1264 963 1376 2874 1599 1834 2308
-9999 -9999 -9999 -9999 -9999 -9999 -9999 -9999 -9999 -9999 -9999 -9999 -9999 -9999 -9999 -9999 -9999 -9999 -9999 -9999 -9999 -9999 -9999 -9999 -9999 -9999 3370 5406 4858 6604 6543 1914 2383 3089 3313 1197 2466 3470 2177 2260 4431 5997 562 344 259 279 303 280 333 543 1048 977 4401 4990 1930 787 847 1113 1755 1808 1880 3508 4554 3770 2642 2652 2853 4287 3776 4436 5705 6406 5589 6300 4106 2049 1650 1714 2911 2315 1949 1412 1662
-9999 -9999 -9999 -9999 -9999 -9999 -9999 -9999 -9999 -9999 -9999 -9999 -9999 -9999 -9999 -9999 -9999 -9999 -9999 -9999 -9999 -9999 -9999 -9999 -9999 -9999 -9999 5969 6694 9951 6647 2767 2473 6310 7551 3168 4465 2098 1234 1261 1466 6787 2395 483 383 350 327 217 252 392 2122 1997 3102 2494 1380 595 774 722 1151 1600 1750 2368 4253 4474 4420 4835 2960 3067 4003 7239 6725 6344 5994 4920 4999 4392 5413 4373 1676 1362 1341 1589 3025
-9999 -9999 -9999 -9999 -9999 -9999 -9999 -9999 -9999 -9999 -9999 -9999 -9999 -9999 -9999 -9999 -9999 -9999 -9999 -9999 -9999 -9999 -9999 -9999 -9999 -9999 4252 5825 6884 5545 7219 4974 3838 20754 13011 6473 5555 2240 2955 3456 1743 3704 21552 9367 988 412 589 229 219 309 414 978 1876 1048 576 445 528 785 1001 1889 2413 3172 9889 3155 3381 5822 4701 5153 4589 5543 6307 5521 5836 4665 7710 5648 3501 4323 2430 1913 2669 1805 2205
-9999 -9999 -9999 -9999 -9999 -9999 -9999 -9999 -9999 -9999 -9999 -9999 -9999 -9999 -9999 -9999 -9999 -9999 -9999 -9999 -9999 -9999 -9999 -9999 -9999 -9999 -9999 -9999 5629 7034 9796 35266 7812 5545 7098 6383 8753 2545 1687 1321 1942 4916 4253 1917 842 503 473 409 443 343 250 270 268 316 491 480 734 682 984 2965 3490 4017 7567 3515 3340 3575 4106 7886 5820 4042 5059 8019 7018 5867 5844 6933 4360 4271 3654 2727 1995 2866 2843
-9999 -9999 -9999 -9999 -9999 -9999 -9999 -9999 -9999 -9999 -9999 -9999 -9999 -9999 -9999 -9999 -9999 -9999 -9999 -9999 -9999 -9999 -9999 -9999 -9999 -9999 -9999 -9999 2392 7838 -9999 -9999 6992 6463 7823 6907 6621 2581 2287 1854 1614 5777 1999 745 576 868 774 1007 487 229 308 283 380 405 611 765 901 582 835 3444 3804 3091 3837 2644 6129 7199 5236 4189 4803 5953 7966 5987 5883 6210 7966 5883 5290 4567 3799 2879 2489 3845 1196
-9999 -9999 -9999 -9999 -9999 -9999 -9999 -9999 -9999 -9999 -9999 -9999 -9999 -9999 -9999 -9999 -9999 -9999 -9999 -9999 -9999 -9999 -9999 -9999 -9999 -9999 -9999 -9999 -9999 3347 -9999 -9999 -9999 6025 13642 7815 8882 3118 1290 2049 2811 1481 571 748 814 1081 1031 478 335 355 484 497 696 838 824 854 1185 643 596 1990 4223 3404 3860 2613 4810 4689 3713 3520 4371 8102 4731 4470 5349 6293 8834 7603 6007 4136 3122 2789 3342 3029 1352
-9999 -9999 -9999 -9999 -9999 -9999 -9999 -9999 -9999 -9999 -9999 -9999 -9999 -9999 -9999 -9999 -9999 -9999 -9999 -9999 -9999 -9999 -9999 -9999 -9999 -9999 -9999 -9999 -9999 -9999 -9999 -9999 -9999 -9999 9387 7322 14114 4521 2408 2091 206 350 357 604 2562 946 669 698 430 424 538 959 1052 716 673 747 828 849 842 2229 4226 4423 4109 3899 3335 4120 4550 5044 4541 7773 7843 5409 6574 9009 12823 7298 4699 5084 3766 4149 6230 3431 2593
-9999 -9999 -9999 -9999 -9999 -9999 -9999 -9999 -9999 -9999 -9999 -9999 -9999 -9999 -9999 -9999 -9999 -9999 -9999 -9999 -9999 -9999 -9999 -9999 -9999 -9999 -9999 -9999 -9999 -9999 -9999 -9999 -9999 -9999 -9999 -9999 -9999 7296 10348 837 1039 502 614 1528 2059 548 671 660 419 474 740 1637 1176 690 735 833 1437 3336 1338 9159 9186 15131 4746 2873 4286 7397 6118 3633 4493 4617 5342 5619 8323 60508 46616 6523 4841 5211 5346 4358 6603 5249 3949
-9999 -9999 -9999 -9999 -9999 -9999 -9999 -9999 -9999 -9999 -9999 -9999 -9999 -9999 -9999 -9999 -9999 -9999 -9999 -9999 -9999 -9999 -9999 -9999 -9999 -9999 -9999 -9999 -9999 -9999 -9999 -9999 -9999 -9999 -9999 -9999 -9999 4151 4811 -9999 3501 2176 2617 4525 958 567 572 491 386 478 684 991 642 518 580 562 977 1699 1502 3954 3745 6104 4946 3877 3677 4173 3847 7346 5271 5377 6193 5564 5986 16040 18785 5486 4836 4726 4273 3867 3815 3884 4393
-9999 -9999 -9999 -9999 -9999 -9999 -9999 -9999 -9999 -9999 -9999 -9999 -9999 -9999 -9999 -9999 -9999 -9999 -9999 -9999 -9999 -9999 -9999 -9999 -9999 -9999 -9999 -9999 -9999 -9999 -9999 -9999 -9999 -9999 -9999 -9999 -9999 -9999 -9999 -9999 6295 3709 4422 3655 648 479 524 1192 487 632 658 1357 595 532 495 582 744 827 2048 4211 2937 2302 2196 2609 2977 3385 3310 4358 5227 5795 4992 4754 6344 5831 8598 5541 5035 3978 3245 3383 3947 6331 4810
-9999 -9999 -9999 -9999 -9999 -9999 -9999 -9999 -9999 -9999 -9999 -9999 -9999 -9999 -9999 -9999 -9999 -9999 -9999 -9999 -9999 -9999 -9999 -9999 -9999 -9999 -9999 -9999 -9999 -9999 -9999 -9999 -9999 -9999 -9999 -9999 -9999 -9999 -9999 -9999 2328 6519 1621 1580 362 296 366 439 321 436 417 586 537 504 502 584 819 1009 4808 2812 3236 2879 2033 2676 3342 5145 3591 3138 5709 4123 3701 3805 4834 4819 6663 5132 5657 4136 3845 3300 3889 6646 7229
-9999 -9999 -9999 -9999 -9999 -9999 -9999 -9999 -9999 -9999 -9999 -9999 -9999 -9999 -9999 -9999 -9999 -9999 -9999 -9999 -9999 -9999 -9999 -9999 -9999 -9999 -9999 -9999 -9999 -9999 -9999 -9999 -9999 -9999 -9999 -9999 -9999 -9999 -9999 -9999 499 2745 1306 1886 562 264 254 331 368 371 391 484 501 516 649 651 801 1123 2953 2320 2447 2216 3632 2643 3027 5656 3257 3503 5618 4810 4363 3868 3762 3581 3177 4497 3518 4305 3665 3722 4536 4827 5656
-9999 -9999 -9999 -9999 -9999 -9999 -9999 -9999 -9999 -9999 -9999 -9999 -9999 -9999 -9999 -9999 -9999 -9999 -9999 -9999 -9999 -9999 -9999 -9999 -9999 -9999 -9999 -9999 -9999 -9999 -9999 -9999 -9999 -9999 -9999 -9999 -9999 -9999 -9999 -9999 51 1819 1551 1468 582 310 327 657 497 346 373 431 472 531 602 917 2010 1992 2367 2056 1508 1960 3084 2484 3371 6944 5372 3404 3116 5441 7431 4010 6087 3765 2508 3280 2759 2418 3952 4462 5662 4918 4931
-9999 -9999 -9999 -9999 -9999 -9999 -9999 -9999 -9999 -9999 -9999 -9999 -9999 -9999 -9999 -9999 -9999 -9999 -9999 -9999 -9999 -9999 -9999 -9999 -9999 -9999 -9999 -9999 -9999 -9999 -9999 -9999 -9999 -9999 -9999 -9999 -9999 -9999 -9999 -9999 82 1167 900 569 530 445 362 816 574 478 442 420 466 427 509 1395 3873 10462 3158 1448 1142 1811 3432 1979 3552 10036 8472 3915 3188 6831 5939 3791 5216 3127 3463 5863 5698 3367 4041 4549 5038 5013 7972
-9999 -9999 -9999 -9999 -9999 -9999 -9999 -9999 -9999 -9999 -9999 -9999 -9999 -9999 -9999 -9999 -9999 -9999 -9999 -9999 -9999 -9999 -9999 -9999 -9999 -9999 -9999 -9999 -9999 -9999 -9999 -9999 -9999 -9999 -9999 -9999 -9999 -9999 -9999 -9999 30 2759 1265 634 479 319 465 828 746 925 654 747 1014 886 943 2001 8926 18819 6748 1380 974 1293 2387 4356 2937 3556 2522 2768 3809 5333 4828 4220 4003 3789 4471 4565 1261 3686 4663 6278 8005 4099 6440
-9999 -9999 -9999 -9999 -9999 -9999 -9999 -9999 -9999 -9999 -9999 -9999 -9999 -9999 -9999 -9999 -9999 -9999 -9999 -9999 -9999 -9999 -9999 -9999 -9999 -9999 -9999 -9999 -9999 -9999 -9999 -9999 -9999 -9999 -9999 -9999 -9999 -9999 -9999 -9999 2453 4663 2818 925 319 275 519 1102 1644 3432 1918 2304 3463 2960 2502 7732 2076 1727 1537 668 727 1345 3107 2180 2783 2744 3333 2358 2898 4484 4628 3923 3929 4647 4213 952 3880 6136 5417 4387 5451 4496 5796
-9999 -9999 -9999 -9999 -9999 -9999 -9999 -9999 -9999 -9999 -9999 -9999 -9999 -9999 -9999 -9999 -9999 -9999 -9999 -9999 -9999 -9999 -9999 -9999 -9999 -9999 -9999 -9999 -9999 -9999 -9999 -9999 -9999 -9999 -9999 -9999 -9999 -9999 157 398 4786 1798 882 459 351 294 932 2427 2285 3597 3069 4295 4756 4196 4526 3160 1868 711 506 647 962 3641 2782 1294 1652 2772 2074 1675 2050 2599 3586 911 532 1863 1747 1259 5496 4786 5973 5024 5040 3995 4063
-9999 -9999 -9999 -9999 -9999 -9999 -9999 -9999 -9999 -9999 -9999 -9999 -9999 -9999 -9999 -9999 -9999 -9999 -9999 -9999 -9999 -9999 -9999 -9999 -9999 -9999 -9999 -9999 -9999 -9999 -9999 -9999 -9999 -9999 -9999 -9999 -9999 -9999 576 8137 5998 1722 709 575 569 426 1374 5389 2898 3035 3340 7375 6117 7566 17034 3102 1133 806 888 1092 2316 1704 1886 1018 1323 1267 1333 1475 2320 1188 1249 260 3333 1106 765 825 2150 4334 4401 5300 4562 3507 3605
-9999 -9999 -9999 -9999 -9999 -9999 -9999 -9999 -9999 -9999 -9999 -9999 -9999 -9999 -9999 -9999 -9999 -9999 -9999 -9999 -9999 -9999 -9999 -9999 -9999 -9999 -9999 -9999 -9999 -9999 -9999 -9999 -9999 -9999 -9999 -9999 -9999 -9999 716 3416 7051 6256 2155 995 684 535 2191 6709 3765 3851 2585 2781 1932 2395 2081 2338 1493 1694 1891 1274 881 775 2146 1380 1495 1621 1452 1850 1990 153 35 1214 4844 4608 3717 2372 3081 5416 3601 7751 4884 4997 3237
-9999 -9999 -9999 -9999 -9999 -9999 -9999 -9999 -9999 -9999 -9999 -9999 -9999 -9999 -9999 -9999 -9999 -9999 -9999 -9999 -9999 -9999 -9999 -9999 -9999 -9999 -9999 -9999 -9999 -9999 -9999 -9999 -9999 -9999 -9999 -9999 -9999 59 2366 4889 6154 3199 3414 1536 1076 1142 3294 22508 8541 2273 2553 1454 727 412 1825 1944 2994 2640 1224 1029 851 1074 2048 1226 976 1309 1484 2317 58 180 3095 5095 5149 5551 5053 4059 5038 4867 5435 4286 2814 2878 2752
-9999 -9999 -9999 -9999 -9999 -9999 -9999 -9999 -9999 -9999 -9999 -9999 -9999 -9999 -9999 -9999 -9999 -9999 -9999 -9999 -9999 -9999 -9999 -9999 -9999 -9999 -9999 -9999 -9999 -9999 -9999 -9999 -9999 -9999 -9999 -9999 155 3305 5079 5702 1726 1301 2216 4139 4039 6463 6942 21328 14065 3765 1306 898 371 390 868 547 598 504 364 671 1145 3126 1656 366 1 460 440 71 799 4072 5473 4215 4739 5314 4776 4708 6034 4058 1958 2693 1357 820 1659
-9999 -9999 -9999 -9999 -9999 -9999 -9999 -9999 -9999 -9999 -9999 -9999 -9999 -9999 -9999 -9999 -9999 -9999 -9999 -9999 -9999 -9999 -9999 -9999 -9999 -9999 -9999 -9999 -9999 -9999 -9999 -9999 -9999 -9999 -9999 526 3512 5497 15375 8675 2548 3253 2058 1993 2293 4581 4360 3752 2000 2020 1239 849 475 273 570 607 794 842 545 577 1074 1027 266 525 96 -9999 48 549 2439 3726 4143 3348 5401 4497 3502 3411 3290 2657 738 747 133 463 2333
-9999 -9999 -9999 -9999 -9999 -9999 -9999 -9999 -9999 -9999 -9999 -9999 -9999 -9999 -9999 -9999 -9999 -9999 -9999 -9999 -9999 -9999 -9999 -9999 -9999 -9999 -9999 -9999 -9999 -9999 -9999 -9999 443 1859 4735 4280 5821 7203 6450 5730 3511 3829 2121 1468 1472 3705 3058 1642 629 671 428 405 487 648 1431 1134 770 277 329 277 455 1298 802 221 7 -9999 846 2351 2679 3805 2400 780 2561 2816 2303 1453 2245 320 -9999 80 1909 3388 3072
-9999 -9999 -9999 -9999 -9999 -9999 -9999 -9999 -9999 -9999 -9999 -9999 -9999 -9999 -9999 -9999 -9999 -9999 -9999 -9999 -9999 -9999 -9999 -9999 -9999 -9999 -9999 -9999 -9999 -9999 2843 4000 865 1645 4815 3904 3307 5093 4204 5687 4964 3100 3102 4489 3644 2848 2052 1413 607 279 186 146 203 291 1215 2558 2056 408 589 268 334 1062 4024 3837 3514 919 58 2898 3231 5450 887 629 360 -9999 -9999 3 333 -9999 487 3235 5999 6759 4588
-9999 -9999 -9999 -9999 -9999 -9999 -9999 -9999 -9999 -9999 -9999 -9999 -9999 -9999 -9999 -9999 -9999 -9999 -9999 -9999 -9999 -9999 -9999 -9999 -9999 -9999 -9999 -9999 -9999 -9999 2018 2038 1647 1879 1662 4270 2585 4152 5062 8740 4445 5350 6085 4046 2966 2606 2563 1145 726 614 232 154 229 514 373 451 912 460 626 732 1073 390 2447 2382 2717 4458 17 1907 1076 801 -9999 -9999 -9999 -9999 -9999 -9999 -9999 57 2569 5825 3565 2235 3165
-9999 -9999 -9999 -9999 -9999 -9999 -9999 -9999 -9999 -9999 -9999 -9999 -9999 -9999 -9999 -9999 -9999 -9999 -9999 -9999 -9999 -9999 -9999 -9999 -9999 -9999 -9999 -9999 3 952 3468 2873 4495 2227 1555 3813 4522 5433 6277 52141 13973 5410 5904 3259 3112 2194 1543 683 436 442 287 205 248 395 314 275 489 1060 1038 1597 1069 332 477 882 1793 3134 1035 -9999 -9999 -9999 115 128 -9999 5484 3013 135 -9999 -9999 -9999 503 2224 3501 3403
-9999 -9999 -9999 -9999 -9999 -9999 -9999 -9999 -9999 -9999 -9999 -9999 -9999 -9999 -9999 -9999 -9999 -9999 -9999 -9999 -9999 -9999 -9999 -9999 -9999 -9999 -9999 -9999 1678 2625 2163 6398 1809 1389 3984 3781 3296 5443 5178 7604 6854 3970 2797 1982 1802 1464 958 372 268 398 312 205 234 407 287 252 405 451 605 2773 1864 834 800 631 3542 6324 2854 586 551 46 1703 2186 2022 5914 7753 3871 1210 55 -9999 259 1132 2120 1809
-9999 -9999 -9999 -9999 -9999 -9999 -9999 -9999 -9999 -9999 -9999 -9999 -9999 -9999 -9999 -9999 -9999 -9999 -9999 -9999 -9999 -9999 -9999 -9999 -9999 -9999 -9999 306 4479 3589 2150 2341 1146 1108 2849 4296 6610 5802 7636 5320 4461 4102 3207 1486 1013 758 634 376 282 235 322 393 372 718 424 244 227 200 237 514 382 729 1364 1822 2532 2193 484 1573 6245 2633 1109 2108 3467 1919 5513 9067 11183 4273 1188 -9999 -9999 -9999 -9999
-9999 -9999 -9999 -9999 -9999 -9999 -9999 -9999 -9999 -9999 -9999 -9999 -9999 -9999 -9999 -9999 -9999 -9999 -9999 -9999 -9999 -9999 -9999 -9999 -9999 -9999 275 2912 3719 4470 1886 1345 975 1233 2755 6492 4253 3624 3242 3441 3303 4085 3365 1904 1343 635 691 662 275 303 433 413 393 464 285 268 241 507 252 316 212 310 501 2341 7202 846 1049 2683 3821 1722 1817 1001 1657 1886 2890 5365 7515 6653 3797 2614 4897 1191 1573
-9999 -9999 -9999 -9999 -9999 -9999 -9999 -9999 -9999 -9999 -9999 -9999 -9999 -9999 -9999 -9999 -9999 -9999 -9999 -9999 -9999 -9999 -9999 -9999 -9999 131 2595 6620 4999 4395 3237 1465 1284 2711 2178 2373 2841 3026 2222 2311 4949 4442 3117 2566 1663 594 505 441 286 330 405 243 158 306 265 234 204 673 559 686 250 257 386 928 3407 564 550 714 1577 1938 1536 951 2323 3190 1549 2043 6696 5727 4248 10308 8609 2017 5360
-9999 -9999 -9999 -9999 -9999 -9999 -9999 -9999 -9999 -9999 -9999 -9999 -9999 -9999 -9999 -9999 -9999 -9999 -9999 -9999 -9999 -9999 -9999 -9999 -9999 1274 4830 7705 5113 6696 3492 1474 2294 2259 2189 3073 2751 3190 3059 4243 7416 7442 3048 2824 2897 795 499 995 832 1640 1081 261 241 603 1441 443 276 343 437 1903 413 241 595 611 1320 614 342 375 1076 1137 2318 1067 1402 2426 1705 1873 1467 2705 3350 6750 5206 6542 4604
-9999 -9999 -9999 -9999 -9999 -9999 -9999 -9999 -9999 -9999 -9999 -9999 -9999 -9999 -9999 -9999 -9999 410 498 1271 776 -9999 -9999 -9999 18 2265 8393 4524 2240 2904 1564 1728 2530 2144 2814 5266 6154 6215 7351 5366 5403 4266 3355 3356 5823 1429 610 578 482 510 462 295 200 504 4351 444 181 176 341 584 734 343 1051 828 4718 1020 429 421 1316 1157 1193 873 1159 1026 910 1948 2997 3643 3637 3704 4674 5215 6792
-9999 -9999 -9999 -9999 -9999 -9999 -9999 -9999 -9999 -9999 -9999 -9999 -9999 -9999 -9999 2364 944 458 909 1109 1857 -9999 -9999 75 2081 3000 7807 4416 6213 5549 3174 6837 3726 2856 4029 4607 6387 6073 7068 7824 7925 5313 3902 3517 2769 3290 1407 461 300 251 241 327 200 251 462 228 137 137 169 220 613 774 993 625 1721 915 979 598 1090 937 1388 1055 703 2966 1489 2918 3310 3489 5426 2874 4658 6548 10528
-9999 -9999 -9999 -9999 -9999 -9999 -9999 -9999 -9999 -9999 -9999 -9999 -9999 -9999 -9999 1249 885 109 424 440 2428 1701 -9999 2238 9382 6562 5918 9014 7551 7943 8935 6399 4995 6062 5358 7620 5856 3419 4184 6273 7305 6952 4581 4858 3615 3846 6328 1020 351 320 250 255 286 187 228 174 144 117 141 150 168 228 616 924 4563 1068 827 845 1410 971 1204 769 996 2278 1567 2368 4332 3135 4284 4191 6517 8284 7240
-9999 -9999 -9999 -9999 -9999 -9999 -9999 -9999 -9999 -9999 -9999 -9999 -9999 -9999 -9999 3012 214 122 72 107 859 8437 3457 5697 9315 8538 9013 7791 8236 7006 5115 4353 4765 8063 5814 7049 6271 4598 4608 7242 6081 5934 5122 2346 2864 3086 4097 2999 1362 836 481 370 372 349 197 265 413 194 187 160 150 257 543 893 3486 1251 999 887 1437 1958 1630 1424 2020 1988 2611 5802 6184 5358 8507 6155 7596 8024 8312
