GIS/uga_pfpr2to10.asc
ncols         121
nrows         127
xllcorner     118236.49319105
yllcorner     -163800.7987251
cellsize      5000
NODATA_value  -9999
[rows 81 to 107 of 127, columns 0 to 60 of 121]
-9999 -9999 -9999 -9999 -9999 -9999 -9999 -9999 -9999 0.04824134 0 0 0.03574714 0.04574168 0.04884831 0.05022242 0.05128049 0.03695567 0.05560989 0.04773681 0.03447374 0.03682094 0.04659375 0.04505761 0.04668697 0.03654565 0.03404161 0.04155567 0.03697887 0.0411684 0.04300175 0.0382266 0.04299149 0.04197402 0.03716888 0.03906502 0.0396216 0.03689556 0.03228074 0.02454061 0.02183451 0.03052281 0.03048588 0.02846063 0.03104232 0.03203156 0.0317561 0.03176595 0.03136749 0.02694338 0.0292071 0.02927144 0.02999475 0.02805581 0.02786445 0.02974654 0.0321003 0.0374144 0.03172332 0.03019834 0.03759158
-9999 -9999 -9999 -9999 -9999 -9999 -9999 -9999 -9999 0 0 0 0.03983831 0.05541835 0.05508503 0.04940588 0.04315635 0.03797421 0.05788559 0.0503951 0.05337621 0.03622444 0.04170291 0.04005701 0.04330846 0.04148505 0.04137066 0.03547013 0.03433261 0.04191815 0.04337527 0.03686284 0.0394096 0.04170708 0.04023408 0.04027843 0.04115342 0.0383269 0.02887992 0.02937794 0.03270757 0.03232824 0.02691191 0.02756216 0.03060344 0.02774669 0.03140453 0.03094318 0.03206345 0.02957752 0.02602336 0.02732675 0.02933266 0.02702486 0.02690599 0.0275021 0.02984512 0.03410811 0.03403847 0.03716462 0.03434308
-9999 -9999 -9999 -9999 -9999 -9999 -9999 -9999 -9999 0 0 0 0.04534651 0.0518261 0.04970383 0.04143871 0.04024309 0.04155823 0.06100783 0.05399532 0.05013379 0.03623523 0.04106481 0.04203862 0.04381073 0.04675947 0.0464221 0.04127559 0.0403 0.03954044 0.03699432 0.03677143 0.04005301 0.03837991 0.04205333 0.03527816 0.03838041 0.03669817 0.03376771 0.03810892 0.03521254 0.0294883 0.02865756 0.03289571 0.03176573 0.02784793 0.02867987 0.03128448 0.03163032 0.02476182 0.02499911 0.02752883 0.02740872 0.02615559 0.02494337 0.02883006 0.03219047 0.03228406 0.03738698 0.03962624 0.03920003
-9999 -9999 -9999 -9999 -9999 -9999 -9999 -9999 0 0 0 0 0.04245245 0.04616927 0.04419919 0.04371363 0.04054404 0.05509136 0.04440757 0.03933203 0.04069397 0.03545902 0.03669962 0.03695019 0.04092158 0.04534141 0.04672594 0.04241275 0.04627724 0.04505507 0.03593571 0.03689024 0.04311868 0.03920607 0.03304665 0.04009303 0.0358396 0.0368215 0.03361538 0.03409043 0.03354079 0.03322812 0.03048779 0.03169898 0.03090583 0.03209562 0.02738575 0.03035537 0.03280915 0.03120806 0.02392689 0.02578324 0.02352861 0.02614711 0.02693597 0.03016834 0.03067577 0.03290188 0.03701244 0.03132928 0.03679581
-9999 -9999 -9999 -9999 -9999 -9999 -9999 0 0 0 0 0.03936725 0.04371127 0.04291452 0.04779695 0.04736686 0.04305831 0.06993292 0.03948804 0.03927185 0.04224202 0.03968051 0.04272538 0.04362125 0.04277318 0.04416465 0.04461986 0.04465611 0.04665147 0.03930547 0.0373937 0.04367352 0.04427919 0.03808167 0.036686 0.04057343 0.03582035 0.04032116 0.03768332 0.03232945 0.03714522 0.03243292 0.03551676 0.03792589 0.03320672 0.02874662 0.03018946 0.03525398 0.03244977 0.02672166 0.02270097 0.02214128 0.02571419 0.02439927 0.02052244 0.02007752 0.02939572 0.03151622 0.03459772 0.03598551 0.03073111
-9999 -9999 -9999 -9999 -9999 -9999 -9999 0 0 0 0.04665011 0.04064054 0.04581651 0.0404111 0.04460229 0.04159489 0.04571334 0.06104059 0.0370356 0.04649825 0.04929357 0.04098028 0.03956601 0.04482042 0.04920361 0.04683688 0.04981627 0.04809947 0.0475602 0.04630366 0.04431009 0.0463436 0.04954655 0.04607969 0.03890951 0.03200825 0.03439408 0.03966058 0.03540417 0.04082964 0.03790034 0.0358097 0.03939914 0.0350431 0.03098034 0.0304003 0.03054961 0.03452993 0.03120237 0.02132926 0.02328839 0.03095241 0.0352048 0.03112653 0.02131798 0.02929722 0.02894092 0.03235433 0.03387607 0.03505057 0.03385865
-9999 -9999 -9999 -9999 -9999 -9999 -9999 0 0 0 0 0.04346015 0.04231828 0.04816541 0.04823367 0.04373907 0.0520247 0.07874145 0.03849701 0.0407942 0.05092144 0.05037938 0.04367126 0.05049571 0.05272014 0.05146138 0.04816537 0.04366437 0.04211227 0.04610891 0.0432083 0.04665574 0.04697418 0.04477369 0.03403614 0.03725782 0.03318327 0.03759174 0.03633287 0.0365372 0.03225146 0.03195627 0.03136177 0.03057414 0.03481963 0.03004541 0.03039232 0.03117333 0.0285844 0.02386973 0.03078876 0.03147035 0.02486698 0.01991179 0.02508177 0.02679273 0.02817143 0.0333069 0.03592594 0.03827088 0.03160521
-9999 -9999 -9999 -9999 -9999 -9999 0 0 0 0 0 0.04492171 0.04493602 0.05062466 0.04191206 0.05140978 0.05379403 0.06219693 0.04121966 0.04329303 0.04655358 0.05206538 0.04923097 0.05134908 0.0478444 0.04349944 0.04205721 0.05381076 0.03972418 0.04675372 0.05204701 0.05069394 0.04977624 0.04283759 0.04066462 0.03858502 0.03424231 0.04109453 0.03785122 0.03535822 0.03592746 0.03589764 0.03887045 0.03708448 0.03441762 0.03318552 0.03380379 0.03027239 0.02864729 0.02976969 0.0247401 0.02319516 0.02637109 0.02812642 0.02792276 0.0283269 0.03101351 0.03348437 0.03359438 0.02874417 0.0311353
-9999 -9999 -9999 -9999 -9999 -9999 0 0 0 0.05163944 0.04719489 0.04991684 0.04746681 0.0588798 0.04779307 0.06182464 0.06260449 0.04498502 0.04109415 0.05246689 0.03482681 0.04616255 0.04995435 0.05168634 0.04280905 0.05334938 0.05111524 0.04040943 0.04300373 0.04609625 0.04934512 0.05264527 0.04820134 0.04560278 0.03575401 0.03221238 0.03269882 0.04086429 0.03627673 0.03638087 0.0374623 0.03807697 0.03882801 0.03694649 0.03502674 0.03442701 0.03344993 0.03112532 0.02744773 0.0282508 0.03355151 0.03143673 0.02744596 0.02694183 0.0291574 0.02762904 0.0297934 0.0284529 0.02899505 0.02887949 0.03101802
-9999 -9999 -9999 -9999 -9999 -9999 0 0.05906347 0.05068854 0.05466495 0.05661635 0.05210298 0.07054007 0.0663894 0.08527641 0.07571959 0.05319599 0.06360245 0.06377675 0.0602685 0.05142775 0.05614767 0.05572775 0.05010506 0.05044154 0.05394917 0.05308562 0.05218386 0.05218024 0.04518278 0.04550308 0.04785931 0.04313187 0.0357573 0.04219565 0.03980656 0.04071477 0.03351192 0.0445994 0.04130766 0.03825928 0.03489288 0.03221973 0.03330607 0.03087093 0.02950852 0.02890529 0.03079286 0.03178179 0.03110547 0.02959401 0.03095602 0.02941761 0.02881826 0.02593916 0.02580109 0.02713749 0.02502911 0.02904502 0.03086778 0.03187396
-9999 -9999 -9999 -9999 0.04908258 0 0.05568695 0.05501903 0.06311663 0.06008811 0.05311703 0.05947557 0.06708585 0.05782005 0.06766995 0.06115879 0.05054985 0.06326555 0.06266905 0.05047817 0.049094 0.04684759 0.05274795 0.05598637 0.0482255 0.05268035 0.05372554 0.0541743 0.04803268 0.04965265 0.04668004 0.04689523 0.04565465 0.04192357 0.04137175 0.040392 0.04103307 0.03826055 0.04613096 0.0388855 0.03479775 0.03544304 0.03915926 0.03045135 0.029047 0.02909114 0.03291062 0.02951958 0.02884811 0.03391872 0.02953074 0.02860929 0.02770336 0.02823706 0.0260064 0.02402842 0.02770141 0.02685325 0.02837933 0.03659247 0.03631984
-9999 -9999 -9999 0.06558121 0.0582047 0.05304252 0.05891043 0.06569291 0.05836211 0.05607789 0.05758901 0.05356055 0.05689599 0.06567656 0.08013513 0.05784159 0.04790431 0.05825058 0.05651201 0.05237816 0.05020747 0.0583159 0.05149407 0.0533937 0.05931141 0.05315974 0.04892876 0.04598073 0.04996813 0.04491686 0.05001208 0.04887243 0.04675805 0.04653557 0.04644184 0.04420483 0.0422412 0.03991243 0.04172439 0.040448 0.03784722 0.03918183 0.03849595 0.03113535 0.02783292 0.02834523 0.02784793 0.02517398 0.02367727 0.02761105 0.02873671 0.03160656 0.02725785 0.02583131 0.02558663 0.02522975 0.0276046 0.02688025 0.02913906 0.02891057 0.03076159
-9999 -9999 -9999 0.07630422 0.07671387 0.06112645 0.05845221 0.05938188 0.06216123 0.05766151 0.0505798 0.0558666 0.05954013 -9999 -9999 0.08096932 0.05181667 0.06342127 0.05852819 0.05701917 0.05867796 0.05595842 0.05058804 0.05682447 0.04921241 0.05202054 0.05068862 0.0508609 0.04944574 0.04220967 0.0442023 0.04065454 0.04876741 0.04494261 0.04485152 0.04762996 0.04247358 0.03582176 0.04253479 0.04194947 0.03760191 0.03893529 0.03275406 0.03364014 0.03004564 0.02788245 0.02594691 0.02820569 0.03167568 0.02399473 0.02569821 0.02372986 0.02446835 0.02629664 0.02654354 0.02508836 0.03150172 0.03126198 0.03374031 0.03786437 0.03675507
-9999 -9999 -9999 -9999 0.06078164 0.05689439 0.05925882 0.05630934 0.0645972 0.05617044 0.05058106 0.05822402 0.04851759 0.06315092 -9999 0.06021596 0.05676999 0.06760963 0.06153917 0.05785939 0.06446362 0.06416362 0.05659254 0.05531586 0.05438003 0.04976009 0.04603056 0.04590151 0.04957134 0.05276229 0.04678863 0.04750843 0.04708801 0.0453 0.04419568 0.04808354 0.04604141 0.03687295 0.03986331 0.03400945 0.03302585 0.03612744 0.03990149 0.03048122 0.0306873 0.03495555 0.03288793 0.02509586 0.03215836 0.02443628 0.0224985 0.02475279 0.02534771 0.02263071 0.021021 0.0219245 0.02484686 0.03115144 0.03545325 0.04137014 0.0366925
-9999 -9999 -9999 0.06130142 0.05561029 0.05155794 0.0487978 0.05686284 0.06412631 0.05774903 0.05617167 0.06643071 0.05073991 0.06079188 0.06865811 0.0535381 0.0666693 0.07410701 0.06239584 0.05896648 0.06071267 0.060202 0.0570142 0.0548778 0.05288211 0.04888931 0.04895195 0.05178259 0.05179298 0.05286877 0.05052186 0.05242155 0.05072395 0.04553066 0.04175539 0.04671868 0.05069293 0.04437106 0.04215282 0.03898572 0.03650781 0.03940395 0.03912347 0.03303441 0.03012238 0.03444223 0.03368073 0.02644125 0.02741172 0.02889924 0.02613716 0.02392932 0.02387747 0.03040847 0.02449124 0.03131348 0.0390929 0.03353112 0.0344172 0.04424022 0
-9999 -9999 -9999 0 0.06701549 0.04942924 0.05038534 0.05183141 0.06406846 0.06313365 0.06624896 0.05588684 0.06135229 0.05441933 0.05871388 0.06715759 0.0546793 0.05919721 0.05837134 0.05945045 0.04587363 0.0549297 0.05331274 0.05504954 0.04822095 0.05524744 0.05119227 0.04860362 0.04620742 0.05232255 0.0566246 0.04749279 0.0508426 0.04856683 0.04563929 0.04300843 0.04759648 0.04341179 0.04182233 0.03599212 0.03141289 0.03418691 0.03502116 0.03359117 0.03234276 0.03508173 0.03452216 0.02830807 0.02993557 0.02907893 0.02982823 0.02469014 0.02619126 0.03015153 0.03267269 0.03296207 -9999 -9999 0 -9999 -9999
-9999 -9999 -9999 -9999 0.07118954 0.05978024 0.04890722 0.04377092 0.05406138 0.05777842 0.06161128 0.0635846 0.06108517 0.06805711 0.07085269 0.0615721 0.06125033 0.05549486 0.04582159 0.05964528 0.04354344 0.04881315 0.05125451 0.05377266 0.04868041 0.05303106 0.0563208 0.04782149 0.04228186 0.05461388 0.05229848 0.04783451 0.04961974 0.0460469 0.04217188 0.04753556 0.04631573 0.04417119 0.03786478 0.03495299 0.03780945 0.03668439 0.03704641 0.03640121 0.03164164 0.03551807 0.03222186 0.02776818 0.03437512 0.02737291 0.02547173 0.02462148 0.03196645 -9999 -9999 -9999 -9999 -9999 -9999 0 0.03802348
-9999 -9999 -9999 -9999 -9999 0.08666498 0.08064592 0.05008143 0.05571764 0.05975783 0.07485513 0.08378331 0.06411992 0.07347008 0.06096534 0.05851188 0.07551988 0.04888705 0.04181913 0.05915773 0.05322964 0.04661424 0.0516363 0.05484455 0.0532612 0.04982019 0.0541555 0.0527568 0.04705507 0.05198439 0.05049422 0.05004408 0.05132008 0.04811004 0.04620672 0.04193701 0.04467733 0.03957124 0.03288866 0.03472308 0.03888351 0.03671257 0.03901114 0.03804135 0.02930247 0.03581959 0.03391936 0.0301514 0.03385594 0.03406611 0.0331233 0.02808215 0.03845682 0.03461431 -9999 -9999 -9999 -9999 -9999 0 0.04141288
-9999 -9999 -9999 -9999 -9999 -9999 0 0.04927495 0.06529126 0.06698248 0.07405715 0.07181312 0.07090271 0.06634375 0.06327494 0.08652383 0.08775545 0.04529845 0.03473231 0.04820617 0.03952598 0.02943545 0.04852017 0.05323702 0.05445265 0.04976382 0.05504268 0.05042939 0.04959744 0.04898115 0.04682809 0.04580772 0.04757739 0.04592916 0.041918 0.04560608 0.03911464 0.03983913 0.03650158 0.03828659 0.03900963 0.03435759 0.03406985 0.03286552 0.02988841 0.03615279 0.0370417 0.03511332 0.03212687 0.03428991 0.02799625 0.02850565 0.03698684 0.03302654 0 0.04640859 0.03973308 0.04080085 0.04428373 -9999 0
-9999 -9999 -9999 -9999 -9999 -9999 0 0.0582932 0.06735554 0.06809372 0.06582905 0.07013562 0.07312395 0.08380856 0.08765131 0.07742153 0.05582297 0.05469692 0.03117195 0.03510613 0.02255277 0.02964985 0.05032779 0.05257868 0.05099872 0.0451941 0.05069021 0.0537118 0.0461115 0.04704855 0.0502438 0.04848927 0.04726182 0.04760589 0.04718645 0.03874489 0.03380045 0.03879007 0.03808997 0.04146061 0.03865342 0.03957175 0.03516264 0.03369602 0.0385474 0.0357846 0.03517628 0.03287096 0.03141409 0.03574065 0.02873715 0.02965066 0.03441388 0.03420389 0.03211585 0.04697051 0.03613441 0.03781977 0.04720363 0 0
-9999 -9999 -9999 -9999 -9999 -9999 0.07181772 0.06858647 0.07692739 0.08622899 0.0820272 0.08245621 0.08125675 0.09818684 0.09293666 0.061147 0.06100231 0.05320574 0.03454939 0.02667592 0.03150309 0.04446425 0.04876179 0.05032983 0.05080301 0.05010689 0.04900436 0.04515968 0.04321484 0.04999569 0.04625034 0.04835826 0.05276128 0.0455835 0.03996406 0.03578366 0.0344201 0.0385337 0.04444431 0.04346389 0.04281326 0.04212471 0.03527247 0.03677995 0.03863603 0.03371401 0.03647627 0.03855352 0.02703301 0.03368193 0.03339243 0.03468644 0.03452402 0.03098155 0.03801428 0.0452028 0.0542441 0.03742901 0.04529852 0.04532016 0.04772462
-9999 -9999 -9999 -9999 0.05594844 0.05509496 0.0722699 0.09271365 0.0972584 0.1063511 0.1014788 0.1032647 0.07079649 0.05904431 0.05751976 0.06175993 0.05749365 0.05474712 0.0458689 0.04772827 0.04325145 0.05103085 0.05646635 0.05347981 0.05039738 0.05836788 0.04624602 0.04923087 0.04818961 0.04677297 0.05496301 0.04985704 0.04762255 0.05496897 0.05258122 0.04002305 0.03646981 0.03461336 0.02975331 0.03414519 0.0459237 0.04251169 0.03444871 0.03843936 0.03570566 0.03482908 0.04120483 0.03884336 0.03979167 0.03406006 0.02937908 0.03061531 0.0320713 0.0418465 -9999 -9999 -9999 -9999 0.05478771 0.04722535 0.04491306
-9999 -9999 -9999 0.05420191 0.05038128 0.06330036 0.06269249 0.0868414 0.09727897 0.07222387 0.06930601 0.09899734 0.07913611 0.08343374 0.0690783 0.06618618 0.056712 0.04985702 0.05289115 0.0557193 0.04460075 0.05915635 0.05785422 0.04938665 0.05313981 0.05403775 0.05256226 0.0505554 0.04954863 0.0504861 0.04901456 0.04499163 0.04607641 0.05135752 0.05022006 0.04204997 0.04124384 0.03211761 0.03940951 0.03887884 0.04059102 0.04583229 0.04049454 0.03923582 0.04120152 0.03703917 0.04064458 0.0407535 0.04127492 0.03488495 0.03432573 0.03526177 0.04388196 0 -9999 -9999 -9999 0 0.04474882 0.04122191 0.04441382
-9999 -9999 0.04406737 0.04895366 0.05348406 0.05749799 0.06618791 0.09697532 0.07189713 0.06167462 0.05669415 0.0699397 0.07503249 0.06940601 0.07093921 0.07193377 0.06900307 0.06619211 0.05740994 0.06140644 0.04567869 0.0548276 0.04997004 0.0526132 0.04778565 0.05214306 0.05386791 0.05002463 0.04714261 0.04785291 0.05189786 0.04412353 0.0490021 0.0495741 0.05331127 0.03832664 0.03377381 0.03658434 0.03623614 0.03764329 0.03597981 0.04336171 0.03988073 0.04362582 0.0441218 0.03989021 0.0457391 0.04240673 0.04384282 0.0355962 0.03950113 0.04781611 -9999 -9999 -9999 -9999 -9999 0.06844626 0.05331893 0.06680439 0.0554663
-9999 -9999 0.04566904 0.0488542 0.05570726 0.05551334 0.06665476 0.09625036 0.05974305 0.06252091 0.06662106 0.06937508 0.0753419 0.07684111 0.07588043 0.07715334 0.06744929 0.06021838 0.06674355 0.05776202 0.04903325 0.0546547 0.05959863 0.05842363 0.05201197 0.04800492 0.05052843 0.04454934 0.04711253 0.045281 0.04690849 0.04357603 0.04462884 0.04696519 0.04493782 0.03909973 0.03576803 0.03958706 0.04320388 0.03861282 0.040199 0.03818358 0.04157322 0.04800712 0.04704581 0.04041522 0.04149521 0.04653856 0.04610034 0.03585269 0.05185732 -9999 -9999 -9999 -9999 -9999 -9999 0.05923797 0.06488864 0 0.07219557
-9999 -9999 0.04885606 0.04466272 0.06024323 0.0546025 0.07352202 0.0824419 0.0608559 0.07267598 0.07439751 0.07251181 0.07026801 0.07598227 0.07152109 0.0729374 0.07157288 0.06267937 0.06578886 0.05334386 0.05347035 0.05705933 0.05856109 0.05373931 0.05440251 0.04143637 0.04062315 0.04264259 0.04310746 0.04016563 0.04594266 0.05116378 0.04651746 0.0431253 0.03529932 0.03414965 0.03832347 0.04065691 0.03923941 0.04118906 0.0440923 0.04022894 0.04822371 0.04895945 0.04729052 0.04740487 0.04700132 0.04915004 0.0440201 0.0455002 0 -9999 -9999 -9999 -9999 -9999 -9999 0 0.08782855 0.09158876 0.07536861
-9999 -9999 0.05037601 0.0474641 0.05599543 0.05368602 0.05438251 0.05695784 0.06277689 0.07614907 0.07131021 0.07162889 0.07785778 0.07670846 0.06743341 0.06932177 0.06246727 0.06895285 0.06620241 0.06439181 0.05829271 0.05624793 0.0530504 0.05724631 0.0403012 0.05027 0.0433857 0.0416729 0.04237794 0.04032891 0.03631615 0.04729388 0.04950888 0.04023924 0.03884511 0.02994804 0.03998951 0.03489994 0.04272689 0.03898106 0.04253004 0.04435695 0.04634192 0.04864495 0.04652641 0.04054856 0.03850856 0.0462686 0.04771046 0 -9999 -9999 -9999 -9999 -9999 -9999 -9999 -9999 0.09569862 0 0.06919723
