GIS/uga_init_pop.asc
ncols         121
nrows         127
xllcorner     118236.49319105
yllcorner     -163800.7987251
cellsize      5000
NODATA_value  -9999
[rows 74 to 110 of 127, columns 0 to 83 of 121]
-9999 -9999 -9999 -9999 -9999 -9999 -9999 -9999 -9999 -9999 -9999 -9999 -9999 1271 1021 443 88 128 499 1363 2022 3489 2598 2042 2779 4715 6628 4324 4095 3383 3633 2573 1832 1427 1725 2652 3129 2061 2605 2242 2126 1819 1726 1962 1891 1903 1776 2252 4888 6128 1575 750 428 271 218 138 161 263 935 275 389 738 1578 1069 2943 2268 1759 1353 2080 1755 971 986 1739 3688 2426 2180 2984 3329 7762 5061 4917 4639 6053 3815
-9999 -9999 -9999 -9999 -9999 -9999 -9999 -9999 -9999 -9999 691 597 679 1980 1495 362 88 488 1648 2539 2352 3352 3070 2578 1824 3905 3306 3188 2223 1427 2006 3355 1911 1209 1593 1589 2627 1806 1891 1857 2685 2711 2150 2011 1760 2050 1974 1397 2088 2484 1513 4030 1292 406 226 373 195 212 533 819 1233 2836 5458 2131 10568 15142 2455 2435 4736 1410 1349 1055 2217 7095 2817 2465 3658 6398 4579 5201 5728 9423 6959 3826
-9999 -9999 -9999 -9999 -9999 -9999 -9999 -9999 -9999 1233 2030 3763 3763 2427 5641 906 840 1184 2213 1177 1787 2989 3534 2817 2069 3215 4325 2838 1715 1412 2167 1338 2112 3155 2071 2118 1951 2051 2471 3300 2115 2015 1708 1871 1968 1884 1398 1496 2403 2994 961 1582 2594 830 507 651 182 186 301 1214 591 1284 3005 1307 1951 6651 1591 2275 2026 1550 1164 2643 1658 4156 3567 3777 6429 4864 3225 6845 5056 6391 4322 5183
-9999 -9999 -9999 -9999 -9999 -9999 -9999 -9999 -9999 2478 6852 6326 4859 2775 3831 2389 2795 2092 3425 1774 1343 2718 2416 1938 2779 3979 3456 2925 2689 1767 1329 1462 1759 3243 2654 1761 2146 1804 2116 2330 1794 1791 1878 1998 1699 1210 1381 2235 2842 3181 1207 1550 2522 2360 970 1017 251 261 688 2354 1222 1983 2589 2969 2520 7489 3168 2549 2028 2498 1309 2790 1906 2680 2949 5018 7864 5219 6189 7048 5066 5869 6802 6560
-9999 -9999 -9999 -9999 -9999 -9999 -9999 -9999 -9999 7261 10558 11475 4410 4466 3772 4742 2743 2865 2640 2876 2502 2671 3043 2610 3119 3476 3160 2693 2533 1781 3053 1631 1720 1716 1744 2558 1808 1731 1349 2194 1556 2083 2376 1771 1637 1617 1637 1832 3245 2335 2483 1575 2663 2359 3969 2073 611 673 1289 2698 1582 2600 3854 5363 2923 12851 6165 4395 2222 3303 2431 4454 3079 2612 11701 3702 4073 4397 4761 4802 4354 6147 4671 7009
-9999 -9999 -9999 -9999 -9999 -9999 -9999 -9999 -9999 13476 6084 2533 2653 6446 9193 20562 7699 3713 2989 3468 3410 3607 3226 2352 3127 2397 1999 1974 2555 1783 3049 3582 2248 1683 1916 2399 2043 1954 1916 4249 1842 2544 3432 2216 1793 2143 1556 1851 2241 2254 6196 1906 1429 2225 2891 2825 2625 1528 2716 3998 2658 2222 1776 2323 3238 5001 3280 5034 4107 6187 1979 1901 8800 3545 8032 5579 4792 4984 5797 6008 12137 4799 4928 5757
-9999 -9999 -9999 -9999 -9999 -9999 -9999 -9999 -9999 5913 2426 1848 2918 5298 8195 10756 5620 2730 1530 2025 3453 3293 3189 6644 3262 2023 1652 1466 2090 1765 1930 3065 2904 3219 2619 2929 2555 1934 1909 1734 2407 2033 1928 2266 2650 2847 1926 1808 1700 1732 2556 2137 1772 1310 1297 1417 2401 2953 1649 1718 2245 9393 2422 1995 4040 5162 3806 2802 3646 3906 2120 2700 5289 2233 2354 4604 6417 4273 4898 5033 8731 5142 5471 4990
-9999 -9999 -9999 -9999 -9999 -9999 -9999 -9999 -9999 1135 1628 2192 3821 7108 6128 4238 4326 1559 859 1375 3168 3363 2632 2836 2180 2134 3155 2804 2872 2650 2286 2466 2418 3153 2535 2743 4107 3184 2689 2809 20219 2430 1688 1699 2389 2573 3304 3289 2487 2603 3503 1947 2544 2798 3055 1565 1470 2025 7885 3442 1987 2229 2851 3086 2739 9921 13839 3986 7628 3298 2459 3530 3802 2603 2609 1463 7532 7359 5843 8190 6173 6148 3135 6285
-9999 -9999 -9999 -9999 -9999 -9999 -9999 -9999 -9999 775 906 2483 3973 6943 4450 2647 2540 1229 697 770 1049 2388 1639 1703 1508 2442 2292 1688 2815 3837 5059 3104 2284 2077 2186 3116 3367 3038 2869 3164 11629 3549 2068 2031 1867 1685 2061 2999 2230 3688 6424 1975 1478 2071 2141 1507 1640 2076 3248 4324 2578 3591 5021 3805 4804 5918 4518 6190 7631 3510 3883 11418 4023 3115 1474 750 2739 7889 5131 9393 5382 6123 3405 7799
-9999 -9999 -9999 -9999 -9999 -9999 -9999 -9999 -9999 844 1380 2263 3214 6618 6619 2793 2329 1583 694 574 563 1446 1813 1721 1447 2298 2861 2569 3548 3157 2912 2977 4250 6281 4225 4498 4992 3246 5832 2266 2168 1623 1556 2947 2508 1880 1780 1857 1978 1996 1999 2646 1729 1472 4229 1836 2016 3024 2181 3079 3103 4731 4633 3095 5960 16628 6971 11864 13876 6941 8610 3468 4876 2091 1320 841 1364 2392 2762 7332 14194 40815 7319 6348
-9999 -9999 -9999 -9999 -9999 -9999 -9999 -9999 1294 1679 2099 3395 4340 5926 7160 3513 2155 866 903 773 618 2668 3221 1487 1984 4187 3773 3117 4037 4177 3619 2988 3191 3722 2751 2522 3017 3395 3539 2089 1813 1452 1585 1607 977 1160 4033 6229 2047 2440 3149 3276 3708 2529 3290 2980 1533 1762 2067 3009 2816 4643 9874 6566 8862 26690 23761 40918 25708 3547 4441 5590 2094 3263 1623 1051 726 867 2729 15725 34862 20576 960 3155
-9999 -9999 -9999 -9999 -9999 -9999 -9999 2679 3382 2238 2397 4860 8217 6638 7461 4843 1618 732 2346 2713 2037 2472 2502 1736 3433 3603 2910 3271 3684 3400 3310 4011 3113 5643 4676 1962 4241 4133 2097 1759 1343 1502 1134 1246 1134 1329 1682 1639 1305 1773 1427 1290 774 2280 9737 20787 2842 5727 3813 4183 2301 2994 7107 7151 27901 57127 102590 75937 69400 20277 12107 9411 7350 7694 9199 8896 3208 1947 4291 12075 13340 4704 647 433
-9999 -9999 -9999 -9999 -9999 -9999 -9999 4230 2409 1683 2314 2915 2984 3633 3960 2232 663 504 2469 3734 2294 2243 2637 4444 5910 3530 2995 3802 3600 3056 2855 2730 3448 5697 4816 1577 2516 1874 1903 1481 1224 1172 1102 1058 1276 1174 854 774 859 943 809 138 107 412 1877 2590 2313 3725 2067 2350 2039 2162 5205 8782 22899 80236 160264 104162 90018 33365 29789 16788 6176 5182 11240 8236 5777 6383 3258 4295 4328 2413 215 715
-9999 -9999 -9999 -9999 -9999 -9999 -9999 4875 2107 1340 1974 3080 2141 6953 1898 1031 448 429 1920 3114 2120 3141 2709 2242 4637 3191 2777 2324 3197 3011 2310 2317 1744 2260 1613 1449 1227 966 1139 913 715 533 486 434 509 788 608 556 572 551 1016 860 1358 1685 1324 1971 2297 3769 2218 1639 1528 1706 3587 13621 35663 83500 128941 109309 61933 13988 4050 6649 2027 2357 2276 3109 3285 4590 6531 4730 597 879 2423 1166
-9999 -9999 -9999 -9999 -9999 -9999 1999 2569 1405 1632 2213 3851 6430 2516 2181 891 547 521 1276 2805 1540 2526 1835 1247 3147 1860 1265 929 995 1560 2639 1498 1120 875 1173 2915 1523 1312 1002 320 320 345 563 347 385 889 519 500 717 514 1761 3224 2896 2857 1466 1794 1870 3064 3595 3244 2637 3271 4400 9041 28695 44797 102163 110205 23904 2658 2294 3322 7375 2729 4713 3648 4177 3752 3052 4594 183 3028 3451 3013
-9999 -9999 -9999 -9999 -9999 -9999 1416 2237 2333 4347 4322 7381 5214 1461 665 382 879 1239 1956 3538 2139 2695 1533 2623 1598 1412 1495 919 885 1963 1156 1017 1006 1130 1246 2955 1225 1201 739 352 764 392 372 320 357 985 1975 707 916 1324 1684 2182 1660 2040 2724 3745 1902 3702 4165 1706 2701 11130 2872 3440 5555 13468 51650 44705 2142 2020 1761 3135 3083 1755 4284 2402 2573 1690 919 890 406 372 2768 2915
-9999 -9999 -9999 -9999 -9999 -9999 1628 2102 3191 6578 6026 27778 2188 4197 636 378 902 1836 1953 6412 2346 3504 1732 2019 1174 1525 2288 1982 1695 1412 997 842 1131 1608 1019 1528 699 1010 502 334 335 307 598 489 399 875 739 931 1396 2777 3372 3110 3378 3122 1887 1991 5715 2081 2468 4219 2653 2021 3510 4558 7360 7967 18364 196 279 727 1090 4351 3005 693 1481 3213 1614 1598 270 503 1177 1318 2885 2318
-9999 -9999 -9999 -9999 3900 2656 3497 2436 3562 5134 1918 1483 864 1178 361 303 748 1843 2523 3888 2635 3068 2800 1528 1594 2093 3326 1949 2205 1942 1741 1538 685 1237 1114 1607 568 440 520 344 513 494 602 250 360 1119 805 1362 3441 1930 1683 1659 1880 3895 5676 2841 1822 1956 4115 2737 2032 1682 1980 3218 4000 21757 17743 798 128 2126 3846 1718 271 377 1219 1607 1395 363 573 1264 839 -9999 1747 1551
-9999 -9999 -9999 6910 5458 3206 6132 8850 2694 811 1176 307 694 617 129 459 1624 3184 4123 3206 3486 2161 2697 3169 1706 1492 2094 1435 1568 1478 874 1068 515 2647 2293 842 961 423 341 589 734 402 306 476 554 662 754 1054 878 1283 1700 2150 2605 1494 2066 2555 8197 2016 1924 1659 1546 1638 916 2014 32133 25624 3530 145 138 399 -9999 -9999 -9999 67 858 683 326 318 801 -9999 -9999 95 817 699
-9999 -9999 -9999 23020 21495 3962 5699 2859 1025 690 401 346 56 -9999 -9999 106 2539 4393 4078 3196 5377 3422 3227 1903 1868 1592 1412 1158 1700 841 640 772 520 1117 743 648 2173 941 424 353 387 271 299 720 746 1505 1383 1710 1727 1160 1220 2007 1599 3122 2616 5225 3624 1387 1232 1581 1438 2243 1414 7664 13499 782 548 13 -9999 -9999 -9999 682 328 -9999 794 483 76 184 50 -9999 -9999 376 1908 131
-9999 -9999 -9999 -9999 4022 7890 5705 855 589 979 396 394 287 74 -9999 347 3186 5213 4101 3267 2578 3306 2270 1565 1786 1522 1358 983 1093 1137 654 932 1218 1238 652 427 432 493 769 860 420 665 781 883 1989 2566 2700 2059 2719 2828 1668 854 1447 1890 5868 2769 1859 1183 1272 980 1656 31 147 22 -9999 -9999 -9999 -9999 89 29 190 1362 36 5 1081 18 -9999 -9999 -9999 -9999 -9999 -9999 -9999 -9999
-9999 -9999 -9999 140 724 3501 1984 260 418 418 382 262 345 96 83 6264 4839 4713 3532 3383 4117 1890 2228 2303 1827 1456 3615 1382 864 710 454 562 926 1372 716 461 742 610 510 723 964 2082 1930 1149 2691 4330 2923 2339 4442 2831 2063 1201 1054 3583 1718 566 405 949 868 14 8 -9999 -9999 -9999 -9999 -9999 -9999 -9999 -9999 11 793 526 330 -9999 -9999 -9999 -9999 -9999 -9999 2609 611 -9999 -9999 -9999
-9999 -9999 -9999 2 350 5107 1914 429 412 657 807 279 192 224 1732 2823 3233 4886 5245 4871 5096 3125 3384 3723 2930 1863 1128 1015 486 643 627 658 930 982 1314 894 590 685 537 633 1716 1794 3282 3521 2821 2950 2463 2112 4429 3461 2081 1988 2004 1913 368 733 -9999 -9999 3 -9999 -9999 -9999 -9999 -9999 -9999 -9999 -9999 407 186 742 1396 1641 288 -9999 -9999 -9999 -9999 -9999 -9999 -9999 -9999 1270 -9999 -9999
-9999 -9999 -9999 -9999 5 1030 2079 2130 362 270 503 1124 1239 1043 2377 1347 1013 2395 3510 6299 8094 3798 4012 2959 2382 1146 1030 1263 489 363 1042 1353 640 458 698 668 422 857 801 966 1284 2222 3755 2776 2948 4322 2589 2053 2915 2220 3029 9301 716 -9999 -9999 -9999 -9999 -9999 -9999 3 32 -9999 -9999 -9999 -9999 -9999 -9999 -9999 -9999 2 68 20 -9999 -9999 -9999 -9999 -9999 -9999 -9999 -9999 -9999 167 -9999 -9999
-9999 -9999 -9999 -9999 -9999 5 5 449 296 254 378 3586 4331 6795 3799 1375 983 2838 3979 2703 3157 3098 3561 2725 1753 1922 807 1531 1780 814 2315 591 421 439 444 1323 578 572 1474 2334 2211 3597 3454 2628 2226 3220 4754 3742 3916 2485 6639 1897 451 545 -9999 -9999 -9999 -9999 -9999 68 725 371 -9999 -9999 -9999 -9999 -9999 -9999 -9999 -9999 -9999 -9999 -9999 -9999 -9999 -9999 -9999 -9999 -9999 -9999 7 -9999 -9999 -9999
-9999 -9999 -9999 -9999 -9999 -9999 26 159 196 262 278 2622 4111 4883 2952 1033 1131 2260 3920 3403 2138 4379 3732 3231 1931 2687 1451 966 759 766 1063 872 575 389 817 2072 1196 2847 2029 3618 1929 2923 8512 2907 3008 3649 2930 3640 6501 2804 4848 1135 273 477 15 563 901 785 487 -9999 61 671 521 133 21 -9999 657 294 -9999 -9999 -9999 -9999 -9999 -9999 -9999 -9999 -9999 -9999 -9999 -9999 -9999 -9999 -9999 -9999
-9999 -9999 -9999 -9999 -9999 -9999 49 226 187 162 554 7748 5387 1422 835 1318 2174 2951 2761 3706 3116 4038 4281 2920 2243 1832 1069 776 679 455 286 317 433 367 1398 2358 1864 1398 2012 3273 2304 2620 4416 2861 3012 3840 4549 2644 8058 5915 2272 1238 439 678 980 80 487 984 1 44 168 -9999 141 34 -9999 -9999 -9999 -9999 -9999 -9999 -9999 -9999 -9999 -9999 -9999 -9999 -9999 -9999 51 -9999 -9999 -9999 -9999 -9999
-9999 -9999 -9999 -9999 -9999 -9999 346 309 149 206 701 2395 1517 702 692 1421 2390 2930 3376 3746 3427 2924 8297 2195 2170 1336 1011 549 522 600 341 112 129 284 1554 2675 2123 1501 2451 2358 2911 2110 2680 3115 5698 4027 3177 12356 40047 5175 2365 1363 526 989 111 24 167 723 552 1414 3425 164 381 91 252 174 364 1253 -9999 -9999 15 -9999 -9999 -9999 -9999 -9999 -9999 -9999 -9999 -9999 -9999 -9999 -9999 -9999
-9999 -9999 -9999 -9999 1 145 268 178 220 341 546 1090 2018 1494 1028 1959 2202 3372 3006 3290 4125 3530 3158 1896 1798 835 600 427 82 269 110 140 203 321 1511 2991 2852 3780 5754 5464 3454 3497 5448 3235 5607 4393 2946 7874 9000 2686 2124 502 411 350 -9999 -9999 -9999 -9999 13 507 693 106 465 505 557 323 510 -9999 -9999 -9999 -9999 -9999 -9999 -9999 -9999 -9999 -9999 -9999 -9999 -9999 -9999 -9999 -9999 -9999
-9999 -9999 -9999 40 711 474 297 194 305 344 645 1503 2634 3813 2515 2479 2169 2931 3256 3869 4368 2749 4533 1346 1566 771 837 488 472 82 58 201 406 882 2466 10040 2217 1684 3120 4060 4455 3514 3189 2506 2043 2396 4444 2879 2534 1724 1741 1114 783 1 -9999 -9999 -9999 11 459 691 498 248 755 79 192 866 3 -9999 -9999 -9999 -9999 -9999 -9999 -9999 -9999 -9999 -9999 -9999 -9999 -9999 -9999 -9999 -9999 -9999
-9999 -9999 357 384 541 606 303 353 576 2625 1236 3423 3632 4576 4281 3819 3804 3848 5257 3860 2070 1775 3582 1775 2228 1297 817 494 855 352 103 630 2213 1119 809 1537 2934 2586 2377 2764 2006 2048 2555 4856 2119 2592 5181 2841 2167 1954 1288 449 -9999 -9999 -9999 -9999 -9999 104 847 350 299 300 6 -9999 501 379 -9999 -9999 -9999 -9999 -9999 -9999 -9999 -9999 -9999 -9999 -9999 -9999 -9999 -9999 -9999 -9999 -9999 -9999
-9999 -9999 570 379 622 573 276 585 4206 5428 4437 4610 4885 4571 2846 4626 3958 4435 4216 3095 1330 1468 1939 1563 1611 3780 2500 891 1178 2605 775 979 601 440 373 2024 2553 2424 2814 2329 2663 4426 4188 3567 4484 6107 3367 2848 2144 1913 692 -9999 -9999 -9999 -9999 -9999 -9999 1160 99 6 590 352 -9999 -9999 181 5 -9999 -9999 -9999 -9999 -9999 -9999 -9999 -9999 -9999 -9999 -9999 -9999 -9999 -9999 -9999 -9999 -9999 -9999
-9999 -9999 299 453 574 495 353 946 4240 4951 3648 4199 11227 7241 4512 4683 4330 5026 5159 2192 1365 1557 1277 1168 1858 3096 1792 1150 946 961 766 71 57 63 144 1893 2170 4938 2823 3586 3320 2565 3238 2535 2567 6696 3751 3481 1798 1366 47 -9999 -9999 -9999 -9999 -9999 -9999 178 9 156 42 -9999 -9999 -9999 -9999 -9999 -9999 -9999 -9999 -9999 -9999 -9999 -9999 -9999 -9999 -9999 -9999 -9999 -9999 -9999 -9999 -9999 -9999 -9999
-9999 -9999 749 571 850 1741 1209 2070 4752 4692 4669 4927 4807 3788 3296 3363 2988 6057 6221 2237 1916 2103 2098 13264 41732 5084 979 567 243 106 188 71 49 55 739 811 1288 2440 4153 2822 2796 2619 3783 2711 2718 1999 1891 2249 1787 497 -9999 -9999 -9999 -9999 -9999 -9999 -9999 -9999 50 5 30 21 79 -9999 -9999 -9999 -9999 -9999 -9999 -9999 -9999 -9999 -9999 -9999 -9999 -9999 -9999 -9999 -9999 -9999 -9999 -9999 -9999 -9999
-9999 -9999 1073 772 1726 2159 3114 2944 4688 5248 4665 3510 3964 3771 2690 3261 2547 2826 3179 3866 3193 4091 3549 8363 8956 2636 1351 1432 876 69 52 87 51 47 960 1246 1103 1097 3788 5017 6214 2580 3317 8942 4959 1748 1756 1320 1704 1013 -9999 -9999 -9999 -9999 -9999 -9999 -9999 -9999 -9999 -9999 171 388 132 -9999 -9999 -9999 -9999 -9999 -9999 -9999 -9999 -9999 -9999 -9999 -9999 -9999 -9999 -9999 -9999 -9999 -9999 -9999 -9999 -9999
-9999 935 1498 1572 3859 2413 3742 3897 5071 5015 4526 3197 4524 4542 2179 2589 4176 4039 5832 3054 1962 2842 3390 3434 4567 3926 1693 1414 1299 255 74 112 385 386 1146 1770 940 1423 1489 3158 3117 3535 4196 2134 1305 1679 1363 1341 1519 170 -9999 -9999 -9999 -9999 -9999 -9999 -9999 -9999 88 -9999 -9999 129 -9999 -9999 -9999 -9999 -9999 -9999 -9999 -9999 -9999 -9999 -9999 -9999 -9999 -9999 -9999 -9999 -9999 -9999 -9999 -9999 -9999 -9999
-9999 2676 5948 3631 4107 2974 4183 3776 4088 4614 4048 3202 3653 4895 2009 2795 2622 3739 2597 2417 3034 3535 4326 2962 3809 2970 3076 1247 1205 595 1339 994 1076 796 1008 1190 1757 1798 1363 963 2919 2527 2116 1689 900 1205 815 888 213 -9999 -9999 -9999 -9999 -9999 -9999 -9999 -9999 -9999 -9999 -9999 127 6 -9999 -9999 -9999 -9999 -9999 -9999 -9999 -9999 -9999 -9999 -9999 -9999 -9999 -9999 -9999 -9999 -9999 -9999 -9999 -9999 -9999 -9999
