GIS/uga_beta.asc
ncols         121
nrows         127
xllcorner     118236.49319105
yllcorner     -163800.7987251
cellsize      5000
NODATA_value  -9999
[rows 68 to 101 of 127, columns 0 to 76 of 121]
-9999 -9999 -9999 -9999 -9999 -9999 -9999 -9999 -9999 -9999 -9999 -9999 -9999 -9999 -9999 -9999 -9999 0.023 0.035 0.03 0.0275 -9999 -9999 -9999 0.0458 0.0447 0.045 0.04 0.0354 0.045 0.0455 0.0454 0.035 0.0454 0.045 0.045 0.035 0.03 0.035 0.035 0.025 0.025 0.025 0.025 0.025 0.0285 0.0285 0.0285 0.0285 0.0285 0.0285 0.0285 0.0285 0.0285 0.025 0.0285 0.0285 0.0285 0.0285 0.0285 0.0285 0.0285 0.0285 0.0285 0.025 0.0355 0.0355 0.0355 0.0355 0.0355 0.0355 0.0355 0.0355 0.0355 0.0325 0.13 0.16
-9999 -9999 -9999 -9999 -9999 -9999 -9999 -9999 -9999 -9999 -9999 -9999 -9999 -9999 -9999 0.0254 0.03 0.035 0.035 0.03 0.0275 -9999 -9999 0.0448 0.035 0.035 0.04 0.035 0.045 0.045 0.045 0.04 0.045 0.045 0.04 0.04 0.035 0.04 0.04 0.0375 0.04 0.025 0.025 0.025 0.025 0.025 0.0285 0.0285 0.0285 0.0285 0.0285 0.0285 0.0285 0.0285 0.0285 0.0285 0.0285 0.0285 0.0285 0.0285 0.0285 0.0285 0.0285 0.0285 0.0285 0.0355 0.0355 0.0355 0.0355 0.0355 0.0355 0.0355 0.0355 0.03 0.0325 0.13 0.17
-9999 -9999 -9999 -9999 -9999 -9999 -9999 -9999 -9999 -9999 -9999 -9999 -9999 -9999 -9999 0.02525 0.023 0.0325 0.035 0.03 0.0275 0.0325 -9999 0.0446 0.055 0.04 0.035 0.045 0.055 0.045 0.04 0.055 0.045 0.035 0.04 0.04 0.045 0.04 0.04 0.035 0.035 0.04 0.025 0.025 0.025 0.025 0.025 0.0285 0.0285 0.0285 0.0285 0.0285 0.0285 0.0285 0.0285 0.0285 0.0285 0.0285 0.0285 0.0285 0.0285 0.0285 0.0355 0.0285 0.025 0.0355 0.0355 0.0355 0.0355 0.0355 0.0355 0.0355 0.0355 0.0325 0.0325 0.16 0.21
-9999 -9999 -9999 -9999 -9999 -9999 -9999 -9999 -9999 -9999 -9999 -9999 -9999 -9999 -9999 0.0325 0.0275 0.023 0.035 0.035 0.03 0.03 0.025 0.04 0.045 0.045 0.04 0.045 0.045 0.045 0.04 0.045 0.04 0.035 0.04 0.04 0.055 0.045 0.04 0.04 0.04 0.035 0.045 0.0447 0.025 0.025 0.025 0.025 0.0285 0.0285 0.0285 0.0285 0.0285 0.0285 0.0285 0.0285 0.0285 0.0285 0.0285 0.0285 0.0285 0.0285 0.0355 0.0285 0.025 0.0355 0.0355 0.0355 0.0355 0.0355 0.0355 0.0355 0.0325 0.0325 0.03 0.17 0.23
-9999 -9999 -9999 -9999 -9999 -9999 -9999 -9999 -9999 -9999 -9999 -9999 -9999 -9999 0.03 0.03 0.03 0.03 0.035 0.045 0.035 0.0425 0.03 0.035 0.045 0.045 0.055 0.045 0.045 0.045 0.04 0.04 0.045 0.045 0.04 0.04 0.055 0.045 0.04 0.045 0.04 0.035 0.035 0.025 0.025 0.025 0.025 0.025 0.025 0.0285 0.0285 0.0285 0.0285 0.0285 0.0285 0.0285 0.0285 0.0285 0.0285 0.0285 0.0285 0.0285 0.0355 0.0355 0.025 0.0355 0.0355 0.0355 0.0355 0.0355 0.0355 0.0355 0.03 0.03 0.03 0.17 0.21
-9999 -9999 -9999 -9999 -9999 -9999 -9999 -9999 -9999 -9999 -9999 -9999 -9999 -9999 0.0325 0.0325 0.03 0.035 0.035 0.035 0.035 0.0425 0.035 0.035 0.04 0.04 0.045 0.04 0.045 0.045 0.045 0.045 0.045 0.045 0.045 0.035 0.04 0.045 0.045 0.045 0.035 0.035 0.025 0.025 0.025 0.025 0.025 0.025 0.025 0.025 0.0285 0.0285 0.0285 0.0285 0.0285 0.0285 0.0285 0.0285 0.0285 0.0285 0.0285 0.0285 0.0285 0.0285 0.025 0.03 0.03 0.0355 0.0355 0.03 0.0355 0.0355 0.03 0.025 0.03 0.13 0.14
-9999 -9999 -9999 -9999 -9999 -9999 -9999 -9999 -9999 -9999 -9999 -9999 -9999 0.0275 0.03 0.03 0.035 0.035 0.035 0.03 0.03 0.035 0.0425 0.045 0.04 0.04 0.035 0.045 0.045 0.04 0.04 0.045 0.045 0.045 0.035 0.045 0.04 0.035 0.045 0.045 0.045 0.035 0.025 0.025 0.025 0.025 0.025 0.025 0.025 0.025 0.025 0.0285 0.0285 0.0285 0.0285 0.0285 0.0285 0.0285 0.0285 0.0285 0.0285 0.0285 0.025 0.0285 0.025 0.03 0.03 0.03 0.03 0.03 0.0355 0.0355 0.03 0.025 0.03 0.03 0.14
-9999 -9999 -9999 -9999 -9999 -9999 -9999 -9999 -9999 -9999 0.035 0.045 0.035 0.0275 0.0251 0.03 0.035 0.045 0.03 0.03 0.0325 0.035 0.04 0.0425 0.0425 0.035 0.035 0.04 0.045 0.045 0.035 0.04 0.045 0.0445 0.045 0.04 0.045 0.045 0.035 0.04 0.035 0.035 0.025 0.025 0.025 0.025 0.025 0.025 0.025 0.025 0.025 0.025 0.0285 0.0285 0.0285 0.0285 0.0285 0.0285 0.0285 0.0285 0.0285 0.025 0.025 0.025 0 0.0275 0.03 0.03 0.025 0.03 0.03 0.0355 0.03 0.03 0.03 0.03 0.03
-9999 -9999 -9999 -9999 -9999 -9999 -9999 -9999 -9999 0.035 0.0425 0.03 0.03 0.0275 0.025 0.035 0.035 0.045 0.03 0.023 0.0425 0.03 0.035 0.03 0.0425 0.04 0.04 0.0425 0.0425 0.05 0.04 0.045 0.04 0.04 0.035 0.045 0.045 0.035 0.035 0.035 0.035 0.025 0.025 0.025 0.025 0.025 0.025 0.025 0.025 0.025 0.0285 0.025 0.025 0.0285 0.0285 0.0285 0.0285 0.0285 0.0285 0.0285 0.0285 0.0285 0.025 0.025 0.025 0.025 0.025 0.03 0.03 0.03 0.0355 0.03 0.03 0.025 0.03 0.03 0.03
-9999 -9999 -9999 -9999 -9999 -9999 -9999 -9999 -9999 0.03 0.025 0.025 0.03 0.0257 0.03 0.0254 0.03 0.0325 0.03 0.0325 0.0425 0.0325 0.03 0.03 0.0425 0.04 0.04 0.0425 0.03 0.0425 0.075 0.045 0.045 0.045 0.045 0.04 0.045 0.035 0.035 0.035 0.035 0.025 0.025 0.025 0.025 0.0285 0.025 0.025 0.025 0 0.0285 0.025 0.025 0.025 0.0285 0.0285 0.0285 0.0285 0.0285 0.025 0.0285 0.025 0.025 0.025 0.025 0.025 0.025 0.03 0.03 0.03 0.03 0.03 0.03 0.03 0.03 0.025 0.03
-9999 -9999 -9999 -9999 -9999 -9999 -9999 -9999 -9999 0.025 0.03 0.03 0.03 0.025 0.03 0.03 0.0251 0.03 0.03 0.0251 0.0253 0.0325 0.035 0.0425 0.04 0.04 0.04 0.035 0.0425 0.0425 0.045 0.04 0.045 0.045 0.045 0.045 0.045 0.045 0.025 0.025 0.025 0.025 0.025 0.025 0.025 0.025 0.025 0.025 0.025 0.025 0.025 0.025 0.025 0.025 0.025 0.025 0.0285 0.0285 0.0285 0.025 0.025 0.025 0.025 0.025 0.025 0 0.025 0.025 0.03 0.025 0.03 0.025 0.025 0.03 0.0275 0.025 0.025
-9999 -9999 -9999 -9999 -9999 -9999 -9999 -9999 -9999 0.03 0.025 0 0.0245 0.025 0.03 0.025 0.025 0.03 0.0254 0.03 0.03 0.03 0.035 0.0425 0.04 0.03 0.0425 0.035 0.03 0.0251 0.035 0.04 0.045 0.045 0.045 0.04 0.045 0.045 0.025 0.025 0.025 0.025 0.025 0.025 0.025 0.025 0.025 0.025 0.025 0.025 0.025 0.025 0.025 0.025 0.025 0.025 0.025 0.025 0.025 0 0.025 0.025 0.025 0.025 0.025 0.025 0.025 0.025 0.025 0.025 0.025 0.03 0.0275 0.025 0.0275 0.03 0.025
-9999 -9999 -9999 -9999 -9999 -9999 -9999 -9999 -9999 0.03 0.03 0 0.024 0.03 0.03 0.03 0.03 0.0251 0.03 0.0275 0.03 0.035 0.03 0.035 0.035 0.0251 0.03 0.03 0.0425 0.03 0.0425 0.035 0.0425 0.04 0.03 0.0425 0.035 0.025 0.025 0.025 0.025 0.025 0.025 0.025 0.025 0.025 0.025 0.025 0.025 0.025 0.025 0.025 0.025 0.025 0.0285 0.025 0.025 0.025 0.025 0.025 0.025 0 0.025 0.025 0.025 0 0.025 0.025 0.025 0.025 0.025 0.025 0.025 0.03 0.03 0.025 0.0275
-9999 -9999 -9999 -9999 -9999 -9999 -9999 -9999 -9999 0.0275 0 0 0.025 0.025 0.03 0.035 0.035 0.0254 0.035 0.045 0.03 0.03 0.0425 0.045 0.0425 0.03 0.03 0.03 0.03 0.03 0.03 0.03 0.045 0.04 0.0425 0.0425 0.04 0.04 0.025 0.025 0.025 0.025 0.025 0.025 0.025 0.025 0.025 0.025 0.025 0.025 0.025 0.025 0.025 0.025 0 0.025 0.025 0.025 0 0 0.025 0.025 0.025 0.025 0.025 0 0 0.025 0.025 0.025 0.025 0.025 0.025 0.025 0.03 0.03 0.0275
-9999 -9999 -9999 -9999 -9999 -9999 -9999 -9999 -9999 0 0 0.0257 0.03 0.03 0.035 0.03 0.03 0.023 0.04 0.035 0.045 0.03 0.035 0.045 0.03 0.03 0.03 0.03 0.03 0.035 0.04 0.035 0.0425 0.0425 0.0425 0.035 0.04 0.025 0.025 0.025 0.0275 0.025 0.025 0.025 0.025 0.025 0.025 0.025 0.025 0.025 0 0.025 0.025 0.025 0.025 0.025 0.025 0.025 0 0.055 0.057 0.055 0.055 0.05 0.055 0.055 0.065 0.055 0.065 0.025 0.025 0 0.025 0.025 0.03 0.0355 0.03
-9999 -9999 -9999 -9999 -9999 -9999 -9999 -9999 -9999 0 0 0.024 0.03 0.025 0.03 0.0254 0.0325 0.0325 0.035 0.035 0.045 0.0425 0.045 0.045 0.0425 0.0425 0.035 0.04 0.045 0.04 0.0425 0.0425 0.035 0.04 0.035 0.025 0.025 0.025 0.025 0.025 0.025 0.025 0.025 0.025 0.025 0.025 0.025 0.025 0.025 0.025 0.025 0.025 0.025 0.025 0 0.025 0.025 0.025 0.025 0.06 0.06 0.05 0.045 0.06 0.045 0.045 0.045 0.045 0.05 0.025 0.025 0.025 0.025 0.025 0.03 0.0355 0.03
-9999 -9999 -9999 -9999 -9999 -9999 -9999 -9999 0 0 0 0.025 0.03 0.025 0.025 0.03 0.03 0.035 0.03 0.03 0.045 0.0425 0.035 0.03 0.0425 0.04 0.04 0.045 0.04 0.04 0.04 0.045 0.045 0.045 0.045 0.03 0.025 0.025 0.025 0.025 0.025 0.025 0.025 0.025 0.0285 0.0285 0.025 0.025 0.025 0.025 0 0 0 0.025 0 0.025 0.025 0.025 0.025 0.0473 0.057 0.055 0.045 0.045 0.045 0.04 0.04 0.045 0.05 0.025 0.025 0.025 0.025 0.025 0.025 0.0355 0.0355
-9999 -9999 -9999 -9999 -9999 -9999 -9999 0 0 0 0.0244 0.025 0.025 0.025 0.025 0.03 0.03 0.035 0.0325 0.0254 0.03 0.03 0.0425 0.045 0.04 0.04 0.035 0.045 0.04 0.04 0.045 0.04 0.04 0.045 0.04 0.03 0.025 0.025 0.025 0.025 0.025 0.025 0.0285 0.0285 0.0285 0.025 0.025 0.025 0.025 0.025 0.025 0.0285 0.0285 0.025 0 0 0.025 0 0 0 0.0567 0.0479 0.045 0.045 0.04 0.04 0.035 0.025 0.045 0.025 0 0.025 0.025 0.025 0.025 0.025 0.025
-9999 -9999 -9999 -9999 -9999 -9999 -9999 0 0 0 0.026 0.0253 0.0259 0.025 0.03 0.0254 0.035 0.035 0.0275 0.035 0.0425 0.03 0.0425 0.04 0.045 0.04 0.04 0.04 0.04 0.04 0.05 0.0475 0.055 0.045 0.045 0.025 0.025 0.025 0.025 0.03 0.0355 0.0285 0.0285 0.0285 0.09 0.0285 0.0285 0.0285 0.0285 0.0285 0.0285 0.0285 0.0285 0.0285 0.025 0.025 0.025 0 0.025 0.025 0.0468 0.0466 0.045 0.045 0.04 0.035 0.03 0 0.03 0 0.025 0 0.025 0.025 0 0.025 0.025
-9999 -9999 -9999 -9999 -9999 -9999 -9999 0 0 0 0.0257 0.03 0.0257 0.025 0.0325 0.0325 0.045 0.04 0.0325 0.03 0.0425 0.035 0.0425 0.045 0.045 0.045 0.04 0.04 0.045 0.0525 0.0375 0.0475 0.07 0.05875 0.025 0.025 0.0355 0.0355 0.032 0.0355 0.0285 0.0285 0.075 0.075 0.085 0.105 0.0285 0.0285 0.0285 0.0285 0.0285 0.0285 0.025 0.025 0.025 0.025 0.025 0 0.025 0.025 0.0481 0.057 0.04 0.04 0.04 0.03 0 0 0 0 0.025 0.025 0.025 0.025 0.025 0.025 0.025
-9999 -9999 -9999 -9999 -9999 -9999 0 0 0 0 0.0248 0.025 0.025 0.0275 0.0253 0.03 0.035 0.04 0.023 0.0251 0.03 0.0425 0.0425 0.035 0.035 0.045 0.04 0.045 0.04 0.0375 0.0475 0.0475 0.0375 0.0355 0.0355 0.03 0.025 0.025 0.0355 0.095 0.11 0.105 0.105 0.105 0.09 0.095 0.095 0.08 0.0285 0.075 0.0484 0 0.025 0.025 0.025 0.0471 0.0582 0.05 0.045 0.045 0.0465 0.045 0.035 0.04 0.035 0.035 0.03 0.03 0 0.025 0.025 0.025 0.025 0.025 0.025 0.025 0.025
-9999 -9999 -9999 -9999 -9999 -9999 0 0 0 0.025 0.025 0.025 0.03 0.0325 0.0275 0.03 0.0325 0.023 0.0254 0.03 0.0249 0.03 0.0425 0.03 0.0425 0.0375 0.04 0.035 0.045 0.04 0.045 0.045 0.04 0.0355 0.115 0.105 0.0355 0.0355 0.0355 0.14 0.115 0.095 0.115 0.105 0.085 0.145 0.07 0.105 0.06 0.0578 0.0577 0.0575 0.0575 0.058 0.057 0.045 0.0581 0.06 0.045 0.0478 0.0475 0.04 0.0465 0.045 0.045 0.035 0.035 0.035 0.025 0.025 0.025 0 0.025 0.025 0.025 0.025 0.025
-9999 -9999 -9999 -9999 -9999 -9999 0 0 0 0.025 0.025 0.025 0.026 0.03 0.03 0.045 0.0325 0.0325 0.03 0.03 0.0325 0.03 0.03 0.0425 0.035 0.035 0.04 0.045 0.045 0.045 0.04 0.04 0.075 0.0975 0.095 0.105 0.12 0.0355 0.115 0.115 0.095 0.105 0.11 0.11 0.085 0.095 0.145 0.08 0.0568 0.0569 0.06 0.055 0.055 0.06 0.0581 0.0481 0.045 0.0465 0.065 0.045 0.0475 0.0567 0.045 0.045 0.045 0.04 0.04 0.045 0.0285 0.0285 0.0285 0.025 0.025 0.0285 0.025 0.025 0.025
-9999 -9999 -9999 -9999 0.025 0 0.025 0.024 0.03 0.03 0.0249 0.026 0.0325 0.0325 0.0325 0.035 0.0325 0.03 0.03 0.03 0.0258 0.0275 0.035 0.035 0.04 0.045 0.035 0.045 0.035 0.045 0.045 0.035 0.04 0.105 0.105 0.105 0.14 0.095 0.125 0.12 0.105 0.105 0.12 0.09 0.115 0.115 0.075 0.085 0.085 0.07 0.0568 0.0577 0.047 0.055 0.045 0.0465 0.0475 0.0479 0.05 0.0582 0.0569 0.06 0.0465 0.045 0.035 0.045 0.045 0.055 0.0285 0.025 0.025 0.025 0.0355 0.0285 0.0285 0.025 0.025
-9999 -9999 -9999 0.025 0.025 0.025 0.025 0.025 0.026 0.0226 0.0226 0.0226 0.0275 0.023 0.03 0.023 0.0325 0.03 0.03 0.03 0.0275 0.03 0.03 0.035 0.035 0.035 0.04 0.035 0.04 0.04 0.04 0.04 0.04 0.105 0.115 0.11 0.095 0.11 0.095 0.105 0.11 0.12 0.115 0.095 0.1 0.1 0.075 0.055 0.065 0.06 0.0675 0.0625 0.0578 0.0473 0.0573 0.0573 0.045 0.057 0.0575 0.0482 0.0469 0.0474 0.055 0.0465 0.045 0.045 0.055 0.075 0.0285 0.0285 -9999 -9999 -9999 0.0355 0.0285 0.0285 0.0285
-9999 -9999 -9999 0.025 0.025 0.025 0.025 0.026 0.0275 0.0226 0.0226 0.0226 0.0226 -9999 -9999 0.035 0.0259 0.03 0.03 0.0325 0.0325 0.0375 0.0375 0.04 0.035 0.035 0.04 0.035 0.035 0.035 0.04 0.04 0.04 0.105 0.11 0.1075 0.09 0.1125 0.085 0.105 0.11 0.095 0.095 0.075 0.11 0.07 0.0725 0.0725 0.07 0.055 0.07 0.0582 0.0473 0.055 0.0479 0.05 0.06 0.0582 0.045 0.0478 0.0477 0.057 0.058 0.045 0.05 0.1 0.065 0.06 -9999 -9999 -9999 0.0285 0.0285 -9999 0.0285 0.0285 0.0355
-9999 -9999 -9999 -9999 0.025 0.025 0.025 0.0275 0.02525 0.0226 0.0275 0.0275 0.0226 0.0275 -9999 0.023 0.03 0.03 0.0375 0.0375 0.03 0.0325 0.035 0.035 0.04 0.035 0.03 0.035 0.035 0.04 0.04 0.04 0.04 0.105 0.095 0.12 0.105 0.1125 0.11 0.145 0.09 0.075 0.085 0.095 0.095 0.07 0.07 0.0569 0.0571 0.0581 0.0467 0.055 0.0583 0.0477 0.045 0.0466 0.065 0.045 0.05 0.065 0.0481 0.055 0.07 0.075 -9999 -9999 -9999 -9999 0.0285 0.0285 0.0285 0.025 0.0285 0.0285 0.0285 0.0355 -9999
-9999 -9999 -9999 0.0226 0.0226 0.025 0.026 0.0275 0.0275 0.0226 0.0275 0.0275 0.0226 0.0275 0.0325 0.025 0.03 0.035 0.03 0.0375 0.0375 0.03 0.03 0.03 0.03 0.03 0.0375 0.04 0.04 0.04 0.04 0.04 0.04 0.035 0.12 0.105 0.125 0.105 0.09 0.075 0.065 0.09 0.075 0.1 0.07 0.065 0.07 0.0577 0.065 0.0569 0.0578 0.05 0.055 0.06 0.0479 0.045 0.055 0.045 0.045 0.075 0.095 -9999 -9999 -9999 -9999 -9999 -9999 -9999 -9999 0.0355 0.0285 0.0285 0.0285 -9999 -9999 -9999 -9999
-9999 -9999 -9999 0.035 0.0226 0.025 0.0259 0.0226 0.0275 0.0275 0.0226 0.0275 0.03 0.03 0.0275 0.0258 0.03 0.03 0.03 0.0275 0.03 0.0275 0.0275 0.0275 0.03 0.035 0.035 0.035 0.035 0.04 0.04 0.035 0.04 0.04 0.11 0.115 0.105 0.095 0.105 0.115 0.0571 0.07 0.075 0.085 0.07 0.07 0.07 0.0725 0.075 0.065 0.06 0.0479 0.0578 0.0581 0.055 0.055 -9999 -9999 0.065 -9999 -9999 -9999 -9999 -9999 -9999 -9999 -9999 0.0285 0.0285 0.0285 0.025 0.025 0.0285 -9999 -9999 -9999 -9999
-9999 -9999 -9999 -9999 0.0275 0.0226 0.0244 0.024 0.0226 0.0275 0.0275 0.0275 0.0275 0.0375 0.03 0.035 0.0325 0.0325 0.03 0.025 0.0275 0.0275 0.0275 0.035 0.03 0.035 0.035 0.0375 0.0375 0.035 0.035 0.04 0.04 0.04 0.11 0.085 0.12 0.11 0.095 0.09 0.115 0.095 0.075 0.085 0.07 0.08 0.0675 0.0568 0.07 0.0578 0.0476 0.045 0.075 -9999 -9999 -9999 -9999 -9999 -9999 0.095 0.045 -9999 -9999 -9999 -9999 -9999 -9999 -9999 -9999 0.0355 0.0285 0.0285 -9999 -9999 -9999 -9999 -9999
-9999 -9999 -9999 -9999 -9999 0.03 0.0325 0.0226 0.03 0.0275 0.0275 0.03 0.03 0.03 0.0275 0.035 0.035 0.035 0.03 0.035 0.0275 0.03 0.03 0.03 0.03 0.03 0.0375 0.03 0.03 0.035 0.035 0.035 0.04 0.04 0.11 0.09 0.105 0.145 0.07 0.07 0.0775 0.085 0.095 0.095 0.07 0.075 0.075 0.075 0.065 0.0625 0.065 0.0462 0.07 0.055 -9999 -9999 -9999 -9999 -9999 0.105 0.045 0.055 -9999 -9999 -9999 -9999 -9999 -9999 -9999 -9999 -9999 -9999 -9999 -9999 -9999 -9999 -9999
-9999 -9999 -9999 -9999 -9999 -9999 0.035 0.03 0.0275 0.0275 0.0275 0.025 0.03 0.03 0.035 0.035 0.035 0.03 0.03 0.03 0.025 0.03 0.03 0.0375 0.035 0.035 0.03 0.0375 0.0375 0.035 0.035 0.035 0.035 0.09 0.115 0.0975 0.095 0.09 0.0775 0.105 0.09 0.085 0.075 0.09 0.07 0.07 0.0574 0.065 0.065 0.0569 0.06 0.055 0.055 0.055 0.105 0.06 0.065 0.055 0.055 -9999 0.105 0.07 0.085 0.065 0.12 -9999 0.065 0.08 -9999 -9999 -9999 -9999 -9999 -9999 -9999 -9999 -9999
-9999 -9999 -9999 -9999 -9999 -9999 0.0275 0.03 0.0275 0.0275 0.0275 0.03 0.03 0.03 0.035 0.035 0.025 0.025 0.03 0.03 0.025 0.03 0.03 0.035 0.035 0.035 0.0375 0.035 0.0375 0.0375 0.035 0.035 0.035 0.035 0.0875 0.07 0.07 0.0775 0.0875 0.12 0.105 0.0975 0.095 0.09 0.07 0.085 0.065 0.0577 0.065 0.065 0.0584 0.055 0.045 0.055 0.045 0.07 0.055 0.055 0.075 0.105 0.045 -9999 0.06 0.06 -9999 -9999 -9999 -9999 -9999 -9999 -9999 -9999 -9999 -9999 -9999 -9999 -9999
-9999 -9999 -9999 -9999 -9999 -9999 0.0275 0.0275 0.0275 0.035 0.0275 0.025 0.035 0.035 0.035 0.035 0.035 0.025 0.025 0.025 0.025 0.025 0.0275 0.035 0.035 0.03 0.0375 0.0375 0.035 0.035 0.035 0.035 0.035 0.035 0.07 0.0568 0.09 0.0975 0.11 0.135 0.13 0.12 0.09 0.095 0.07 0.075 0.075 0.07 0.05 0.065 0.0625 0.0568 0.075 0.045 0.055 0.065 0.06 0.045 0.055 0.0573 0.06 0.055 0.085 0.065 0.065 0.055 0.055 0.06 -9999 -9999 0.07 -9999 -9999 -9999 -9999 -9999 -9999
