GIS/uga_beta.asc
ncols         121
nrows         127
xllcorner     118236.49319105
yllcorner     -163800.7987251
cellsize      5000
NODATA_value  -9999
[rows 68 to 101 of 127, columns 0 to 77 of 121]
-9999 -9999 -9999 -9999 -9999 -9999 -9999 -9999 -9999 -9999 -9999 -9999 -9999 -9999 -9999 -9999 -9999 0.0226 0.0275 0.0226 0.0226 -9999 -9999 -9999 0.0458 0.0347 0.045 0.035 0.0347 0.035 0.044 0.0458 0.035 0.0347 0.035 0.04 0.04 0.04 0.04 0.035 0.045 0.04 0.035 0.045 0.045 0.035 0.0345 0.035 0.04 0.035 0.04 0.045 0.045 0.045 0.04 0.045 0.045 0.045 0.0405 0.0405 0.0405 0.0525 0.045 0.055 0.055 0.065 0.065 0.105 0.075 0.09 0.1 0.09 0.095 0.115 0.125 0.075 0.114 0.12
-9999 -9999 -9999 -9999 -9999 -9999 -9999 -9999 -9999 -9999 -9999 -9999 -9999 -9999 -9999 0.026 0.023 0.023 0.023 0.0275 0.0226 -9999 -9999 0.0342 0.0346 0.035 0.035 0.035 0.04 0.035 0.035 0.035 0.04 0.045 0.045 0.04 0.04 0.04 0.035 0.035 0.04 0.04 0.045 0.035 0.045 0.045 0.0395 0.04 0.0395 0.04 0.045 0.0365 0.035 0.04 0.04 0.0395 0.0395 0.0475 0.0405 0.0475 0.0475 0.0525 0.04 0.055 0.07 0.065 0.075 0.065 0.09 0.125 0.08 0.065 0.085 0.105 0.08 0.109 0.12 0.118
-9999 -9999 -9999 -9999 -9999 -9999 -9999 -9999 -9999 -9999 -9999 -9999 -9999 -9999 -9999 0.0226 0.0275 0.0275 0.0275 0.0275 0.0244 0.023 -9999 0.0446 0.045 0.03 0.035 0.04 0.045 0.045 0.04 0.045 0.04 0.035 0.04 0.045 0.045 0.045 0.045 0.035 0.035 0.035 0.04 0.04 0.045 0.045 0.04 0.0395 0.035 0.045 0.045 0.045 0.035 0.0385 0.045 0.045 0.045 0.035 0.0405 0.0525 0.0525 0.0525 0.055 0.055 0.055 0.075 0.075 0.065 0.065 0.065 0.125 0.065 0.075 0.1 0.065 0.104 0.115 0.116
-9999 -9999 -9999 -9999 -9999 -9999 -9999 -9999 -9999 -9999 -9999 -9999 -9999 -9999 -9999 0.0253 0.0275 0.0275 0.023 0.0275 0.0275 0.03 0.025 0.035 0.04 0.035 0.035 0.04 0.045 0.045 0.045 0.045 0.045 0.045 0.045 0.04 0.04 0.04 0.035 0.03 0.035 0.035 0.035 0.035 0.04 0.035 0.035 0.045 0.04 0.045 0.045 0.0385 0.035 0.0375 0.035 0.035 0.0395 0.045 0.0405 0.0405 0.0405 0.0405 0.055 0.055 0.06 0.075 0.065 0.065 0.075 0.065 0.085 0.065 0.085 0.125 0.065 0.105 0.13 0.12
-9999 -9999 -9999 -9999 -9999 -9999 -9999 -9999 -9999 -9999 -9999 -9999 -9999 -9999 0.0275 0.0275 0.0275 0.0275 0.0275 0.0275 0.03 0.0254 0.035 0.035 0.045 0.04 0.045 0.045 0.045 0.045 0.045 0.045 0.045 0.04 0.035 0.035 0.04 0.04 0.035 0.035 0.035 0.035 0.035 0.045 0.04 0.045 0.045 0.045 0.04 0.045 0.0415 0.035 0.035 0.045 0.0365 0.0375 0.0395 0.04 0.0405 0.0405 0.0475 0.0475 0.055 0.055 0.055 0.055 0.065 0.065 0.055 0.065 0.085 0.08 0.065 0.075 0.07 0.095 0.107 0.13
-9999 -9999 -9999 -9999 -9999 -9999 -9999 -9999 -9999 -9999 -9999 -9999 -9999 -9999 0.0275 0.0275 0.0275 0.023 0.0325 0.03 0.023 0.0325 0.035 0.04 0.04 0.04 0.045 0.035 0.04 0.04 0.045 0.04 0.045 0.045 0.04 0.035 0.035 0.035 0.035 0.035 0.035 0.04 0.045 0.04 0.045 0.04 0.04 0.035 0.04 0.035 0.0415 0.0385 0.045 0.045 0.035 0.0385 0.045 0.04 0.0395 0.045 0.045 0.0475 0.0525 0.055 0.055 0.065 0.055 0.065 0.07 0.07 0.08 0.065 0.065 0.085 0.085 0.095 0.115 0.14
-9999 -9999 -9999 -9999 -9999 -9999 -9999 -9999 -9999 -9999 -9999 -9999 -9999 0.0275 0.0275 0.023 0.0325 0.023 0.0275 0.0254 0.0325 0.03 0.0254 0.0325 0.035 0.04 0.04 0.04 0.035 0.035 0.04 0.04 0.04 0.04 0.035 0.035 0.04 0.035 0.035 0.035 0.035 0.035 0.04 0.04 0.035 0.04 0.035 0.04 0.04 0.035 0.035 0.035 0.035 0.0365 0.045 0.045 0.045 0.045 0.045 0.045 0.0345 0.0525 0.045 0.055 0.055 0.055 0.055 0.055 0.055 0.075 0.08 0.075 0.07 0.09 0.095 0.085 0.11 0.145
-9999 -9999 -9999 -9999 -9999 -9999 -9999 -9999 -9999 -9999 0.04 0.035 0.045 0.0325 0.0275 0.023 0.0325 0.023 0.0325 0.0325 0.0275 0.03 0.03 0.0275 0.0325 0.03 0.03 0.03 0.035 0.035 0.035 0.035 0.045 0.0353 0.035 0.035 0.035 0.035 0.035 0.035 0.035 0.035 0.04 0.035 0.035 0.035 0.04 0.035 0.04 0.035 0.04 0.03 0.0365 0.045 0.0365 0.045 0.035 0.0385 0.0385 0.0395 0.0475 0.045 0.045 0.045 0.04 0.0425 0.055 0.055 0.055 0.075 0.0675 0.065 0.065 0.08 0.08 0.065 0.075 0.12
-9999 -9999 -9999 -9999 -9999 -9999 -9999 -9999 -9999 0.045 0.0375 0.035 0.03 0.0325 0.025 0.0325 0.03 0.0325 0.0325 0.0275 0.0258 0.0275 0.03 0.0275 0.0275 0.03 0.03 0.0275 0.0325 0.04 0.045 0.045 0.035 0.035 0.035 0.035 0.035 0.035 0.035 0.03 0.035 0.04 0.035 0.035 0.035 0.04 0.035 0.04 0.04 0.04 0.04 0.035 0.035 0.035 0.045 0.0385 0.045 0.045 0.0365 0.04 0.0405 0.05 0.055 0.045 0.045 0.04 0.055 0.055 0.055 0.055 0.065 0.055 0.065 0.07 0.085 0.105 0.085 0.11
-9999 -9999 -9999 -9999 -9999 -9999 -9999 -9999 -9999 0.0375 0.03 0.035 0.03 0.0259 0.03 0.0253 0.0325 0.0253 0.03 0.0275 0.03 0.0275 0.0254 0.0275 0.0325 0.0325 0.03 0.03 0.0258 0.0258 0.045 0.04 0.035 0.04 0.035 0.035 0.035 0.035 0.035 0.035 0.035 0.045 0.035 0.04 0.04 0.035 0.04 0.04 0.035 0.03 0.0425 0.035 0.035 0.04 0.0385 0.035 0.0415 0.04 0.0385 0.045 0.045 0.045 0.045 0.055 0.045 0.06 0.055 0.055 0.055 0.07 0.055 0.055 0.055 0.065 0.09 0.105 0.1 0.1075
-9999 -9999 -9999 -9999 -9999 -9999 -9999 -9999 -9999 0.04 0.03 0.03 0.03 0.025 0.03 0.03 0.0275 0.0325 0.0325 0.0325 0.0259 0.0252 0.03 0.03 0.03 0.03 0.03 0.0425 0.03 0.0251 0.035 0.035 0.035 0.035 0.035 0.035 0.035 0.035 0.04 0.04 0.04 0.045 0.04 0.035 0.035 0.04 0.035 0.035 0.04 0.04 0.035 0.035 0.035 0.035 0.03 0.035 0.04 0.0345 0.045 0.045 0.045 0.055 0.04 0.055 0.055 0.04 0.0525 0.06 0.055 0.065 0.055 0.065 0.075 0.065 0.1 0.105 0.085 0.105
-9999 -9999 -9999 -9999 -9999 -9999 -9999 -9999 -9999 0.03 0.03 0 0.0244 0.025 0.03 0.025 0.025 0.03 0.0325 0.03 0.03 0.03 0.03 0.0251 0.03 0.0325 0.0251 0.0251 0.0258 0.0275 0.03 0.03 0.0325 0.035 0.035 0.035 0.035 0.045 0.04 0.04 0.04 0.035 0.04 0.035 0.04 0.035 0.035 0.035 0.035 0.04 0.04 0.035 0.04 0.035 0.035 0.04 0.035 0.04 0.04 0.045 0.035 0.045 0.055 0.055 0.055 0.045 0.055 0.055 0.055 0.055 0.055 0.055 0.06 0.065 0.1 0.11 0.105 0.125
-9999 -9999 -9999 -9999 -9999 -9999 -9999 -9999 -9999 0.03 0.03 0 0.0257 0.03 0.03 0.03 0.03 0.0249 0.0254 0.0275 0.03 0.03 0.03 0.025 0.03 0.0325 0.0275 0.0252 0.0325 0.0325 0.03 0.03 0.0325 0.03 0.0325 0.0275 0.0275 0.045 0.045 0.04 0.035 0.04 0.035 0.035 0.035 0.04 0.035 0.04 0.035 0.04 0.035 0.035 0.035 0.04 0.0365 0.035 0.035 0.04 0.04 0.04 0.045 0.0375 0.045 0.055 0.045 0.045 0.045 0.055 0.05 0.055 0.055 0.06 0.065 0.08 0.085 0.08 0.09 0.1075
-9999 -9999 -9999 -9999 -9999 -9999 -9999 -9999 -9999 0.035 0 0 0.03 0.03 0.03 0.035 0.035 0.0275 0.045 0.03 0.03 0.03 0.03 0.03 0.0325 0.0275 0.03 0.0254 0.0275 0.0254 0.0258 0.0325 0.0258 0.03 0.0275 0.0325 0.03 0.03 0.04 0.035 0.03 0.035 0.035 0.035 0.04 0.04 0.04 0.04 0.04 0.04 0.04 0.035 0.035 0.035 0.03 0.035 0.04 0.045 0.04 0.04 0.045 0.045 0.045 0.04 0.055 0.04 0.0425 0.055 0.055 0.055 0.055 0.055 0.065 0.07 0.075 0.065 0.1 0.1
-9999 -9999 -9999 -9999 -9999 -9999 -9999 -9999 -9999 0 0 0.0275 0.03 0.035 0.035 0.03 0.0251 0.023 0.045 0.035 0.035 0.0275 0.0254 0.0251 0.0325 0.0254 0.0254 0.0275 0.0253 0.03 0.03 0.03 0.0325 0.0254 0.0325 0.03 0.03 0.045 0.035 0.04 0.04 0.04 0.04 0.035 0.035 0.035 0.04 0.035 0.04 0.04 0.035 0.035 0.035 0.04 0.04 0.035 0.035 0.04 0.025 0.025 0.025 0.025 0.025 0.025 0.025 0.025 0.025 0.025 0.025 0.065 0.06 0.06 0.065 0.075 0.085 0.095 0.085 0.1
-9999 -9999 -9999 -9999 -9999 -9999 -9999 -9999 -9999 0 0 0.026 0.03 0.035 0.03 0.0254 0.0325 0.0254 0.035 0.035 0.035 0.0275 0.0254 0.0251 0.03 0.03 0.03 0.0254 0.03 0.03 0.0275 0.0275 0.03 0.025 0.03 0.04 0.04 0.035 0.04 0.045 0.045 0.035 0.035 0.04 0.04 0.035 0.035 0.04 0.04 0.04 0.04 0.035 0.035 0.04 0.03 0.035 0.04 0.04 0.025 0.025 0.025 0.025 0.025 0.025 0.025 0.025 0.025 0.025 0.025 0.055 0.06 0.075 0.065 0.06 0.105 0.1 0.085 0.115
-9999 -9999 -9999 -9999 -9999 -9999 -9999 -9999 0 0 0 0.03 0.03 0.03 0.03 0.03 0.0325 0.045 0.03 0.023 0.0325 0.0275 0.03 0.0325 0.03 0.03 0.03 0.03 0.03 0.03 0.03 0.0275 0.03 0.03 0.0252 0.035 0.045 0.035 0.04 0.04 0.04 0.04 0.035 0.04 0.0385 0.045 0.03 0.04 0.04 0.04 0.03 0.03 0.03 0.04 0.03 0.035 0.035 0.04 0.045 0.025 0.025 0.025 0.025 0.025 0.025 0.025 0.025 0.023 0.025 0.055 0.065 0.06 0.065 0.075 0.065 0.125 0.095 0.095
-9999 -9999 -9999 -9999 -9999 -9999 -9999 0 0 0 0.0325 0.03 0.03 0.03 0.03 0.03 0.0258 0.035 0.0325 0.0325 0.0254 0.0325 0.0258 0.0258 0.03 0.03 0.0251 0.03 0.03 0.03 0.03 0.03 0.03 0.025 0.035 0.035 0.035 0.04 0.045 0.04 0.045 0.04 0.0395 0.0345 0.04 0.035 0.035 0.045 0.04 0.04 0.035 0.0425 0.0375 0.035 0.0325 0.03 0.035 0.04 0.04 0.045 0.025 0.025 0.025 0.025 0.025 0.023 0.02 0.025 0.024 0.06 0.0525 0.055 0.06 0.07 0.065 0.075 0.095 0.085
-9999 -9999 -9999 -9999 -9999 -9999 -9999 0 0 0 0.0325 0.03 0.03 0.03 0.03 0.0254 0.03 0.035 0.0275 0.03 0.03 0.0254 0.0325 0.03 0.03 0.03 0.03 0.03 0.03 0.03 0.0251 0.03 0.035 0.03 0.03 0.04 0.045 0.035 0.045 0.045 0.0345 0.045 0.0405 0.0395 0.025 0.0385 0.0385 0.0395 0.045 0.0425 0.04 0.045 0.0395 0.045 0.035 0.035 0.035 0.04 0.04 0.045 0.025 0.025 0.025 0.025 0.025 0.02 0 0 0.02 0.045 0.05 0.05 0.06 0.075 0.06 0.075 0.1 0.11
-9999 -9999 -9999 -9999 -9999 -9999 -9999 0 0 0 0.0251 0.035 0.0254 0.03 0.03 0.03 0.035 0.04 0.0325 0.03 0.03 0.035 0.0251 0.03 0.035 0.035 0.03 0.0251 0.03 0.03 0.0251 0.03 0.03 0.0251 0.04 0.045 0.04 0.045 0.045 0.045 0.045 0.025 0.025 0.025 0.025 0.025 0.0385 0.045 0.035 0.04 0.0385 0.045 0.04 0.035 0.04 0.04 0.035 0.04 0.045 0.025 0.025 0.025 0.025 0.025 0.025 0.02 0 0 0 0.0425 0.055 0.06 0.075 0.06 0.06 0.075 0.085 0.095
-9999 -9999 -9999 -9999 -9999 -9999 0 0 0 0 0.0251 0.03 0.03 0.03 0.0254 0.035 0.035 0.035 0.0325 0.0251 0.03 0.03 0.03 0.03 0.03 0.0251 0.0325 0.035 0.023 0.03 0.03 0.03 0.035 0.0475 0.0405 0.045 0.04 0.045 0.0345 0.025 0.025 0.025 0.025 0.025 0.025 0.025 0.025 0.025 0.035 0.025 0.025 0.03 0.04 0.035 0.035 0.025 0.025 0.04 0.025 0.025 0.025 0.025 0.025 0.025 0.025 0.023 0.02 0 0 0.045 0.065 0.06 0.055 0.065 0.075 0.08 0.09 0.075
-9999 -9999 -9999 -9999 -9999 -9999 0 0 0 0.035 0.035 0.03 0.03 0.0425 0.03 0.035 0.035 0.03 0.0254 0.035 0.0275 0.03 0.03 0.0258 0.0325 0.0425 0.03 0.0325 0.0325 0.03 0.035 0.035 0.055 0.045 0.025 0.025 0.0345 0.0405 0.045 0.025 0.025 0.025 0.025 0.025 0.025 0.025 0.025 0.025 0.025 0.025 0.025 0.025 0.025 0.025 0.025 0.025 0.025 0.025 0.025 0.025 0.025 0.025 0.025 0.025 0.025 0.025 0.023 0.023 0.045 0.045 0.055 0.06 0.065 0.055 0.07 0.08 0.085 0.105
-9999 -9999 -9999 -9999 -9999 -9999 0 0 0 0.03 0.03 0.03 0.03 0.035 0.04 0.0425 0.045 0.03 0.0425 0.035 0.0251 0.035 0.0425 0.03 0.03 0.03 0.03 0.025 0.03 0.03 0.03 0.03 0.025 0.025 0.025 0.025 0.025 0.0395 0.025 0.025 0.025 0.025 0.025 0.025 0.025 0.025 0.025 0.025 0.025 0.025 0.025 0.025 0.025 0.025 0.025 0.025 0.025 0.025 0.025 0.025 0.025 0.025 0.025 0.025 0.025 0.025 0.025 0.033 0.055 0.055 0.07 0.055 0.055 0.055 0.065 0.075 0.075 0.08
-9999 -9999 -9999 -9999 0.03 0 0.035 0.0425 0.04 0.035 0.0425 0.0425 0.04 0.045 0.04 0.035 0.035 0.045 0.045 0.035 0.03 0.03 0.035 0.025 0.035 0.035 0.03 0.035 0.025 0.025 0.025 0.025 0.03 0.025 0.025 0.025 0.025 0.025 0.033 0.025 0.025 0.025 0.025 0.025 0.025 0.025 0.025 0.025 0.025 0.025 0.025 0.025 0.025 0.025 0.025 0.025 0.025 0.025 0.025 0.025 0.025 0.025 0.025 0.025 0.025 0.025 0.025 0.033 0.065 0.055 0.06 0.07 0 0.085 0.075 0.065 0.09 0.15
-9999 -9999 -9999 0.045 0.035 0.035 0.04 0.045 0.0425 0.045 0.035 0.035 0.045 0.04 0.0425 0.045 0.03 0.035 0.035 0.035 0.03 0.035 0.035 0.0275 0.035 0.035 0.025 0.025 0.025 0.025 0.0275 0.0275 0.03 0.025 0.025 0.033 0.025 0.025 0.025 0.025 0.025 0.025 0.025 0.025 0.025 0.025 0.025 0.025 0.025 0.025 0.025 0.025 0.025 0.025 0.025 0.025 0.025 0.025 0.025 0.025 0.025 0.025 0.033 0.025 0.025 0.025 0.025 0.035 0.075 0.065 -9999 -9999 -9999 0 0.125 0.105 0.115 0.14
-9999 -9999 -9999 0.045 0.045 0.04 0.035 0.0425 0.035 0.045 0.045 0.035 0.035 -9999 -9999 0.055 0.03 0.04 0.035 0.03 0.0275 0.03 0.03 0.025 0.035 0.035 0.025 0.0275 0.025 0.03 0.03 0.03 0.0275 0.033 0.033 0.033 0.025 0.025 0.025 0.025 0.025 0.025 0.025 0.025 0.025 0.025 0.025 0.025 0.025 0.025 0.025 0.025 0.025 0.025 0.025 0.025 0.025 0.025 0.025 0.025 0.025 0.025 0.025 0.025 0.025 0 0.033 0.033 -9999 -9999 -9999 0.08 0.065 -9999 0.09 0 0 0
-9999 -9999 -9999 -9999 0.04 0.035 0.04 0.045 0.04 0.045 0.045 0.04 0.035 0.035 -9999 0.035 0.035 0.04 0.0275 0.03 0.035 0.0275 0.035 0.035 0.025 0.025 0.025 0.03 0.0275 0.0275 0.03 0.03 0.033 0.033 0.033 0.033 0.025 0.025 0.025 0.025 0.025 0.025 0.025 0.025 0.025 0.025 0.025 0.025 0.025 0.025 0.025 0.025 0.025 0.025 0.025 0 0.025 0.025 0.025 0.025 0.025 0.025 0.033 0 -9999 -9999 -9999 -9999 0.065 0.065 0.0575 0.07 0.085 0 0.085 0 -9999 -9999
-9999 -9999 -9999 0.035 0.045 0.035 0.03 0.045 0.035 0.045 0.04 0.035 0.035 0.035 0.035 0.035 0.04 0.045 0.04 0.0275 0.0275 0.035 0.035 0.035 0.025 0.025 0.03 0.035 0.0275 0.0275 0.0275 0.0275 0.0275 0.025 0.025 0.033 0.033 0.033 0.025 0.025 0.025 0.025 0.025 0.025 0.025 0.025 0.025 0.025 0.025 0.025 0.025 0.025 0.025 0.025 0.025 0.025 0.025 0.025 0.025 0.033 0 -9999 -9999 -9999 -9999 -9999 -9999 -9999 -9999 0 0.08 0.105 0.0575 -9999 -9999 -9999 -9999 -9999
-9999 -9999 -9999 0 0.04 0.035 0.03 0.035 0.035 0.035 0.045 0.0325 0.0275 0.0275 0.0425 0.035 0.035 0.035 0.035 0.0275 0.03 0.03 0.03 0.03 0.035 0.035 0.0275 0.0275 0.03 0.0275 0.0275 0.03 0.0275 0.0275 0.025 0.025 0.033 0.025 0.025 0.025 0.025 0.025 0.025 0.025 0.025 0.025 0.025 0.025 0.025 0.025 0.025 0.025 0.025 0.025 0.025 0.025 -9999 -9999 0 -9999 -9999 -9999 -9999 -9999 -9999 -9999 -9999 0.075 0.105 0.105 0.065 0.075 0.085 -9999 -9999 -9999 -9999 -9999
-9999 -9999 -9999 -9999 0.045 0.035 0.03 0.0251 0.035 0.045 0.0325 0.0375 0.0275 0.0375 0.03 0.035 0.0275 0.0425 0.03 0.04 0.0275 0.03 0.03 0.025 0.025 0.0275 0.0275 0.0275 0.03 0.0275 0.0275 0.025 0.0275 0.03 0.025 0.033 0.033 0.033 0.025 0.025 0.025 0.025 0.025 0.025 0.025 0.025 0.025 0.025 0.025 0.025 0.025 0.025 0.025 -9999 -9999 -9999 -9999 -9999 -9999 0 0.025 -9999 -9999 -9999 -9999 -9999 -9999 -9999 -9999 0 0.08 0.105 -9999 -9999 -9999 -9999 -9999 -9999
-9999 -9999 -9999 -9999 -9999 0.035 0.055 0.0275 0.0275 0.0275 0.035 0.0375 0.0275 0.03 0.0275 0.035 0.0375 0.025 0.03 0.035 0.03 0.03 0.03 0.035 0.035 0.025 0.0275 0.035 0.025 0.0275 0.025 0.0275 0.0275 0.0275 0.033 0.025 0.033 0.025 0.025 0.025 0.025 0.025 0.025 0.025 0.025 0.025 0.025 0.025 0.025 0.025 0.025 0.025 0.025 0.025 -9999 -9999 -9999 -9999 -9999 0 0.025 0.033 -9999 -9999 -9999 -9999 -9999 -9999 -9999 -9999 -9999 -9999 -9999 -9999 -9999 -9999 -9999 -9999
-9999 -9999 -9999 -9999 -9999 -9999 0 0.0275 0.0375 0.0375 0.0375 0.03 0.0375 0.0275 0.035 0.035 0.035 0.025 0.03 0.03 0.03 0.03 0.03 0.03 0.035 0.025 0.035 0.0275 0.0275 0.0275 0.03 0.03 0.0275 0.033 0.025 0.025 0.025 0.025 0.025 0.025 0.025 0.025 0.025 0.025 0.025 0.025 0.025 0.025 0.025 0.025 0.025 0.025 0.025 0.025 0 0.033 0.025 0.025 0.033 -9999 0 0.033 0.033 0 0 -9999 0.033 0.033 -9999 -9999 -9999 -9999 -9999 -9999 -9999 -9999 -9999 -9999
-9999 -9999 -9999 -9999 -9999 -9999 0 0.0275 0.0375 0.0375 0.0375 0.0325 0.0375 0.035 0.035 0.03 0.035 0.035 0.03 0.03 0.025 0.03 0.03 0.025 0.025 0.025 0.0275 0.0275 0.03 0.03 0.0275 0.0275 0.03 0.0275 0.025 0.025 0.025 0.025 0.025 0.025 0.025 0.025 0.025 0.025 0.025 0.025 0.025 0.025 0.025 0.025 0.025 0.025 0.025 0.025 0.025 0.033 0.025 0.025 0.033 0 0 -9999 0.033 0.033 -9999 -9999 -9999 -9999 -9999 -9999 -9999 -9999 -9999 -9999 -9999 -9999 -9999 -9999
-9999 -9999 -9999 -9999 -9999 -9999 0.0375 0.0375 0.035 0.035 0.035 0.035 0.035 0.035 0.035 0.035 0.035 0.035 0.03 0.025 0.03 0.025 0.0275 0.025 0.025 0.025 0.0275 0.03 0.03 0.0275 0.03 0.0275 0.0275 0.03 0.025 0.025 0.025 0.025 0.025 0.025 0.025 0.025 0.025 0.025 0.025 0.025 0.025 0.025 0.023 0.025 0.025 0.025 0.025 0.025 0.025 0.033 0.033 0.025 0.033 0.025 0.025 0.033 0.033 0.033 0.033 0.033 0.033 0.033 -9999 -9999 0.033 -9999 -9999 -9999 -9999 -9999 -9999 -9999
