GIS/uga_init_pop.asc
ncols         121
nrows         127
xllcorner     118236.49319105
yllcorner     -163800.7987251
cellsize      5000
NODATA_value  -9999
[rows 37 to 73 of 127, columns 0 to 83 of 121]
-9999 -9999 -9999 -9999 -9999 -9999 -9999 -9999 -9999 -9999 -9999 -9999 -9999 -9999 -9999 -9999 -9999 -9999 -9999 -9999 -9999 -9999 -9999 -9999 -9999 -9999 2315 3713 3336 4535 4494 1315 1637 2122 2276 822 1694 2383 1495 1552 3043 4119 386 237 178 192 209 193 229 373 720 671 3023 3427 1326 541 582 765 1206 1242 1291 2409 3128 2589 1815 1822 1960 2944 2593 3047 3918 4399 3838 4327 2820 1408 1134 1178 1999 1590 1339 970 1142 816
-9999 -9999 -9999 -9999 -9999 -9999 -9999 -9999 -9999 -9999 -9999 -9999 -9999 -9999 -9999 -9999 -9999 -9999 -9999 -9999 -9999 -9999 -9999 -9999 -9999 -9999 -9999 4099 4597 6834 4565 1901 1699 4334 5186 2176 3067 1441 848 866 1007 4661 1645 332 264 241 225 150 174 270 1458 1372 2131 1713 948 409 532 496 791 1099 1202 1627 2921 3073 3036 3321 2033 2107 2749 4972 4619 4357 4117 3379 3433 3016 3718 3003 1151 936 921 1092 2078 1090
-9999 -9999 -9999 -9999 -9999 -9999 -9999 -9999 -9999 -9999 -9999 -9999 -9999 -9999 -9999 -9999 -9999 -9999 -9999 -9999 -9999 -9999 -9999 -9999 -9999 -9999 2920 4001 4728 3808 4958 3416 2636 14252 8935 4446 3815 1539 2030 2374 1197 2544 14800 6433 679 283 405 158 151 213 285 672 1289 720 396 306 363 540 688 1298 1658 2179 6791 2167 2322 3998 3229 3539 3152 3807 4332 3792 4008 3204 5295 3879 2405 2969 1669 1314 1833 1240 1515 1234
-9999 -9999 -9999 -9999 -9999 -9999 -9999 -9999 -9999 -9999 -9999 -9999 -9999 -9999 -9999 -9999 -9999 -9999 -9999 -9999 -9999 -9999 -9999 -9999 -9999 -9999 -9999 -9999 3866 4831 6727 24218 5365 3808 4875 4384 6011 1748 1159 908 1334 3376 2921 1317 579 346 325 281 305 236 172 186 185 217 338 330 505 469 676 2037 2397 2759 5197 2414 2294 2455 2820 5416 3997 2776 3475 5507 4820 4029 4014 4761 2995 2933 2510 1873 1370 1969 1953 1055
-9999 -9999 -9999 -9999 -9999 -9999 -9999 -9999 -9999 -9999 -9999 -9999 -9999 -9999 -9999 -9999 -9999 -9999 -9999 -9999 -9999 -9999 -9999 -9999 -9999 -9999 -9999 -9999 1643 5383 -9999 -9999 4802 4439 5373 4744 4547 1773 1571 1274 1109 3968 1373 512 396 597 532 692 335 158 212 195 261 279 420 526 619 400 574 2365 2613 2123 2635 1816 4209 4944 3596 2877 3299 4088 5471 4112 4040 4265 5471 4040 3633 3137 2609 1978 1710 2641 822 911
-9999 -9999 -9999 -9999 -9999 -9999 -9999 -9999 -9999 -9999 -9999 -9999 -9999 -9999 -9999 -9999 -9999 -9999 -9999 -9999 -9999 -9999 -9999 -9999 -9999 -9999 -9999 -9999 -9999 2299 -9999 -9999 -9999 4138 9368 5367 6100 2142 886 1408 1931 1018 393 514 559 743 708 329 231 244 333 342 478 576 566 587 814 442 410 1367 2900 2338 2651 1795 3304 3220 2550 2418 3002 5564 3249 3070 3674 4322 6067 5221 4126 2841 2144 1916 2295 2081 929 651
-9999 -9999 -9999 -9999 -9999 -9999 -9999 -9999 -9999 -9999 -9999 -9999 -9999 -9999 -9999 -9999 -9999 -9999 -9999 -9999 -9999 -9999 -9999 -9999 -9999 -9999 -9999 -9999 -9999 -9999 -9999 -9999 -9999 -9999 6447 5029 9693 3105 1654 1436 142 241 246 415 1760 650 460 480 296 292 370 659 723 492 463 513 569 584 579 1531 2902 3038 2822 2678 2291 2830 3125 3464 3119 5338 5386 3715 4515 6187 8806 5012 3227 3492 2587 2850 4279 2357 1781 1151
-9999 -9999 -9999 -9999 -9999 -9999 -9999 -9999 -9999 -9999 -9999 -9999 -9999 -9999 -9999 -9999 -9999 -9999 -9999 -9999 -9999 -9999 -9999 -9999 -9999 -9999 -9999 -9999 -9999 -9999 -9999 -9999 -9999 -9999 -9999 -9999 -9999 5011 7106 575 714 345 422 1050 1414 377 461 454 288 326 509 1125 808 474 505 573 987 2291 919 6290 6309 10391 3260 1973 2944 5080 4202 2495 3086 3171 3669 3859 5716 41551 32012 4480 3325 3579 3672 2993 4535 3605 2712 1717
-9999 -9999 -9999 -9999 -9999 -9999 -9999 -9999 -9999 -9999 -9999 -9999 -9999 -9999 -9999 -9999 -9999 -9999 -9999 -9999 -9999 -9999 -9999 -9999 -9999 -9999 -9999 -9999 -9999 -9999 -9999 -9999 -9999 -9999 -9999 -9999 -9999 2851 3304 -9999 2405 1495 1798 3108 658 390 393 338 266 329 470 681 441 356 399 386 671 1167 1032 2716 2572 4192 3397 2663 2525 2866 2642 5045 3620 3693 4253 3821 4111 11015 12900 3768 3321 3246 2935 2656 2620 2668 3017 1965
-9999 -9999 -9999 -9999 -9999 -9999 -9999 -9999 -9999 -9999 -9999 -9999 -9999 -9999 -9999 -9999 -9999 -9999 -9999 -9999 -9999 -9999 -9999 -9999 -9999 -9999 -9999 -9999 -9999 -9999 -9999 -9999 -9999 -9999 -9999 -9999 -9999 -9999 -9999 -9999 4323 2547 3037 2510 445 329 360 819 335 434 452 932 409 366 340 400 511 568 1407 2892 2017 1581 1508 1792 2045 2325 2273 2993 3590 3980 3429 3265 4357 4005 5905 3806 3458 2732 2229 2324 2711 4348 3304 2900
-9999 -9999 -9999 -9999 -9999 -9999 -9999 -9999 -9999 -9999 -9999 -9999 -9999 -9999 -9999 -9999 -9999 -9999 -9999 -9999 -9999 -9999 -9999 -9999 -9999 -9999 -9999 -9999 -9999 -9999 -9999 -9999 -9999 -9999 -9999 -9999 -9999 -9999 -9999 -9999 1599 4477 1114 1085 249 204 252 302 221 300 287 403 369 347 345 402 563 693 3302 1932 2223 1978 1397 1838 2295 3534 2466 2155 3921 2832 2542 2613 3320 3310 4576 3525 3885 2841 2641 2267 2671 4564 4965 4127
-9999 -9999 -9999 -9999 -9999 -9999 -9999 -9999 -9999 -9999 -9999 -9999 -9999 -9999 -9999 -9999 -9999 -9999 -9999 -9999 -9999 -9999 -9999 -9999 -9999 -9999 -9999 -9999 -9999 -9999 -9999 -9999 -9999 -9999 -9999 -9999 -9999 -9999 -9999 -9999 343 1885 897 1296 386 182 175 228 253 255 269 333 345 355 446 448 551 772 2028 1594 1681 1522 2495 1815 2079 3884 2237 2406 3858 3304 2997 2657 2584 2460 2182 3089 2416 2957 2517 2556 3115 3315 3884 3751
-9999 -9999 -9999 -9999 -9999 -9999 -9999 -9999 -9999 -9999 -9999 -9999 -9999 -9999 -9999 -9999 -9999 -9999 -9999 -9999 -9999 -9999 -9999 -9999 -9999 -9999 -9999 -9999 -9999 -9999 -9999 -9999 -9999 -9999 -9999 -9999 -9999 -9999 -9999 -9999 36 1250 1066 1009 400 213 225 452 342 238 257 296 325 365 414 630 1381 1368 1626 1412 1036 1346 2118 1706 2315 4769 3689 2338 2140 3737 5103 2754 4180 2586 1723 2253 1895 1661 2714 3065 3889 3378 3387 3062
-9999 -9999 -9999 -9999 -9999 -9999 -9999 -9999 -9999 -9999 -9999 -9999 -9999 -9999 -9999 -9999 -9999 -9999 -9999 -9999 -9999 -9999 -9999 -9999 -9999 -9999 -9999 -9999 -9999 -9999 -9999 -9999 -9999 -9999 -9999 -9999 -9999 -9999 -9999 -9999 57 802 619 391 364 306 249 561 395 329 304 289 321 294 350 958 2660 7185 2169 995 785 1244 2357 1359 2440 6892 5818 2689 2190 4691 4079 2604 3582 2148 2379 4027 3913 2313 2775 3124 3460 3443 5475 4077
-9999 -9999 -9999 -9999 -9999 -9999 -9999 -9999 -9999 -9999 -9999 -9999 -9999 -9999 -9999 -9999 -9999 -9999 -9999 -9999 -9999 -9999 -9999 -9999 -9999 -9999 -9999 -9999 -9999 -9999 -9999 -9999 -9999 -9999 -9999 -9999 -9999 -9999 -9999 -9999 21 1895 869 436 329 220 320 569 513 636 450 513 697 609 648 1375 6130 12924 4634 948 669 888 1640 2992 2017 2442 1732 1901 2616 3663 3316 2898 2749 2602 3071 3135 866 2532 3203 4312 5498 2815 4423 5346
-9999 -9999 -9999 -9999 -9999 -9999 -9999 -9999 -9999 -9999 -9999 -9999 -9999 -9999 -9999 -9999 -9999 -9999 -9999 -9999 -9999 -9999 -9999 -9999 -9999 -9999 -9999 -9999 -9999 -9999 -9999 -9999 -9999 -9999 -9999 -9999 -9999 -9999 -9999 -9999 1685 3203 1936 636 220 189 357 757 1129 2357 1318 1583 2379 2033 1719 5310 1426 1186 1056 459 500 924 2134 1498 1912 1885 2289 1620 1991 3080 3179 2694 2699 3192 2894 654 2665 4214 3720 3013 3744 3088 3981 3426
-9999 -9999 -9999 -9999 -9999 -9999 -9999 -9999 -9999 -9999 -9999 -9999 -9999 -9999 -9999 -9999 -9999 -9999 -9999 -9999 -9999 -9999 -9999 -9999 -9999 -9999 -9999 -9999 -9999 -9999 -9999 -9999 -9999 -9999 -9999 -9999 -9999 -9999 108 274 3287 1235 606 316 242 202 641 1667 1570 2471 2108 2950 3266 2882 3109 2170 1283 489 348 445 661 2501 1911 889 1135 1904 1425 1151 1408 1785 2463 626 366 1280 1200 865 3775 3287 4102 3450 3461 2744 2791 3307
-9999 -9999 -9999 -9999 -9999 -9999 -9999 -9999 -9999 -9999 -9999 -9999 -9999 -9999 -9999 -9999 -9999 -9999 -9999 -9999 -9999 -9999 -9999 -9999 -9999 -9999 -9999 -9999 -9999 -9999 -9999 -9999 -9999 -9999 -9999 -9999 -9999 -9999 396 5588 4119 1183 487 395 391 293 944 3701 1991 2085 2294 5065 4201 5196 11698 2131 779 554 610 750 1591 1171 1296 700 909 871 916 1013 1594 816 858 179 2289 760 526 567 1477 2977 3023 3640 3133 2409 2476 3327
-9999 -9999 -9999 -9999 -9999 -9999 -9999 -9999 -9999 -9999 -9999 -9999 -9999 -9999 -9999 -9999 -9999 -9999 -9999 -9999 -9999 -9999 -9999 -9999 -9999 -9999 -9999 -9999 -9999 -9999 -9999 -9999 -9999 -9999 -9999 -9999 -9999 -9999 492 2346 4842 4296 1480 684 470 368 1505 4608 2586 2645 1776 1910 1327 1645 1430 1606 1026 1164 1299 875 605 533 1474 948 1027 1114 998 1271 1367 106 25 834 3327 3165 2553 1629 2116 3720 2473 5323 3354 3432 2223 2311
-9999 -9999 -9999 -9999 -9999 -9999 -9999 -9999 -9999 -9999 -9999 -9999 -9999 -9999 -9999 -9999 -9999 -9999 -9999 -9999 -9999 -9999 -9999 -9999 -9999 -9999 -9999 -9999 -9999 -9999 -9999 -9999 -9999 -9999 -9999 -9999 -9999 41 1625 3358 4226 2197 2345 1055 739 785 2262 15457 5866 1561 1754 999 500 283 1254 1335 2056 1813 841 707 585 738 1407 842 671 899 1020 1592 40 124 2126 3499 3536 3812 3470 2788 3460 3343 3733 2944 1933 1977 1890 2431
-9999 -9999 -9999 -9999 -9999 -9999 -9999 -9999 -9999 -9999 -9999 -9999 -9999 -9999 -9999 -9999 -9999 -9999 -9999 -9999 -9999 -9999 -9999 -9999 -9999 -9999 -9999 -9999 -9999 -9999 -9999 -9999 -9999 -9999 -9999 -9999 107 2270 3488 3916 1186 894 1522 2843 2774 4439 4768 14646 9659 2586 897 617 255 268 597 376 411 347 250 461 787 2147 1138 252 1 316 303 49 549 2797 3759 2895 3255 3650 3280 3233 4144 2787 1345 1850 932 564 1140 358
-9999 -9999 -9999 -9999 -9999 -9999 -9999 -9999 -9999 -9999 -9999 -9999 -9999 -9999 -9999 -9999 -9999 -9999 -9999 -9999 -9999 -9999 -9999 -9999 -9999 -9999 -9999 -9999 -9999 -9999 -9999 -9999 -9999 -9999 -9999 362 2412 3775 10559 5958 1750 2234 1414 1369 1575 3146 2995 2577 1374 1388 851 584 327 188 392 417 546 579 375 397 738 706 183 361 66 -9999 33 377 1675 2559 2845 2300 3709 3089 2405 2343 2260 1825 507 513 92 318 1603 2234
-9999 -9999 -9999 -9999 -9999 -9999 -9999 -9999 -9999 -9999 -9999 -9999 -9999 -9999 -9999 -9999 -9999 -9999 -9999 -9999 -9999 -9999 -9999 -9999 -9999 -9999 -9999 -9999 -9999 -9999 -9999 -9999 305 1277 3252 2940 3998 4947 4430 3935 2412 2630 1457 1009 1011 2545 2100 1128 432 461 294 279 335 445 983 779 529 191 226 191 313 892 551 152 5 -9999 581 1615 1840 2613 1649 536 1759 1934 1582 998 1542 220 -9999 55 1311 2327 2110 3099
-9999 -9999 -9999 -9999 -9999 -9999 -9999 -9999 -9999 -9999 -9999 -9999 -9999 -9999 -9999 -9999 -9999 -9999 -9999 -9999 -9999 -9999 -9999 -9999 -9999 -9999 -9999 -9999 -9999 -9999 1953 2747 594 1130 3307 2681 2271 3498 2887 3906 3409 2129 2131 3083 2503 1956 1410 971 417 192 128 101 140 200 835 1757 1412 281 405 185 230 730 2764 2635 2414 632 40 1991 2219 3743 610 432 248 -9999 -9999 3 229 -9999 335 2222 4120 4642 3151 2850
-9999 -9999 -9999 -9999 -9999 -9999 -9999 -9999 -9999 -9999 -9999 -9999 -9999 -9999 -9999 -9999 -9999 -9999 -9999 -9999 -9999 -9999 -9999 -9999 -9999 -9999 -9999 -9999 -9999 -9999 1386 1400 1131 1291 1142 2933 1776 2852 3477 6002 3053 3674 4179 2779 2037 1790 1761 787 499 422 160 106 158 353 257 310 627 316 430 503 737 268 1681 1636 1866 3062 12 1310 739 551 -9999 -9999 -9999 -9999 -9999 -9999 -9999 40 1765 4001 2449 1535 2174 3209
-9999 -9999 -9999 -9999 -9999 -9999 -9999 -9999 -9999 -9999 -9999 -9999 -9999 -9999 -9999 -9999 -9999 -9999 -9999 -9999 -9999 -9999 -9999 -9999 -9999 -9999 -9999 -9999 3 654 2382 1973 3087 1530 1068 2619 3106 3731 4311 35806 9596 3716 4055 2238 2138 1507 1060 470 300 304 198 141 171 272 216 189 336 728 713 1097 735 228 328 606 1232 2153 711 -9999 -9999 -9999 79 88 -9999 3766 2070 93 -9999 -9999 -9999 346 1528 2405 2337 2227
-9999 -9999 -9999 -9999 -9999 -9999 -9999 -9999 -9999 -9999 -9999 -9999 -9999 -9999 -9999 -9999 -9999 -9999 -9999 -9999 -9999 -9999 -9999 -9999 -9999 -9999 -9999 -9999 1153 1803 1486 4394 1243 954 2736 2597 2264 3738 3556 5222 4707 2727 1921 1362 1238 1006 658 256 185 274 215 141 161 280 198 174 279 310 416 1905 1281 573 550 434 2433 4343 1960 403 379 32 1170 1502 1389 4062 5324 2659 831 38 -9999 178 778 1456 1243 1121
-9999 -9999 -9999 -9999 -9999 -9999 -9999 -9999 -9999 -9999 -9999 -9999 -9999 -9999 -9999 -9999 -9999 -9999 -9999 -9999 -9999 -9999 -9999 -9999 -9999 -9999 -9999 211 3076 2465 1477 1608 787 761 1957 2951 4540 3985 5244 3654 3064 2817 2203 1021 696 521 436 259 194 162 222 270 256 494 292 168 156 138 163 353 263 501 937 1252 1739 1506 333 1081 4289 1809 762 1448 2381 1318 3786 6227 7680 2935 816 -9999 -9999 -9999 -9999 346
-9999 -9999 -9999 -9999 -9999 -9999 -9999 -9999 -9999 -9999 -9999 -9999 -9999 -9999 -9999 -9999 -9999 -9999 -9999 -9999 -9999 -9999 -9999 -9999 -9999 -9999 189 2000 2554 3070 1296 924 670 847 1892 4459 2921 2489 2227 2363 2269 2806 2311 1308 923 437 475 455 189 209 298 284 270 319 196 185 166 349 174 217 146 213 345 1608 4946 581 721 1843 2624 1183 1248 688 1138 1296 1985 3685 5161 4569 2608 1796 3363 818 1081 3277
-9999 -9999 -9999 -9999 -9999 -9999 -9999 -9999 -9999 -9999 -9999 -9999 -9999 -9999 -9999 -9999 -9999 -9999 -9999 -9999 -9999 -9999 -9999 -9999 -9999 90 1782 4546 3433 3019 2223 1007 882 1862 1496 1630 1951 2078 1526 1587 3399 3051 2141 1763 1142 408 347 303 197 227 279 167 109 211 182 161 141 463 384 472 172 177 266 638 2340 388 378 491 1083 1331 1055 654 1596 2191 1064 1403 4599 3933 2918 7079 5912 1386 3681 7436
-9999 -9999 -9999 -9999 -9999 -9999 -9999 -9999 -9999 -9999 -9999 -9999 -9999 -9999 -9999 -9999 -9999 -9999 -9999 -9999 -9999 -9999 -9999 -9999 -9999 875 3317 5292 3512 4599 2398 1013 1576 1552 1504 2111 1890 2191 2101 2914 5093 5111 2094 1940 1990 546 343 684 572 1127 743 180 166 415 990 305 190 236 301 1307 284 166 409 420 907 422 235 258 739 781 1592 733 963 1666 1171 1287 1008 1858 2301 4636 3575 4493 3162 6304
-9999 -9999 -9999 -9999 -9999 -9999 -9999 -9999 -9999 -9999 -9999 -9999 -9999 -9999 -9999 -9999 -9999 282 342 873 533 -9999 -9999 -9999 13 1556 5764 3107 1539 1995 1074 1187 1738 1473 1933 3617 4226 4268 5048 3685 3711 2930 2304 2305 3999 982 419 397 331 351 318 203 138 347 2988 305 125 121 235 402 505 236 722 569 3240 701 295 290 904 795 820 600 796 705 625 1338 2059 2502 2498 2544 3210 3582 4665 5210
-9999 -9999 -9999 -9999 -9999 -9999 -9999 -9999 -9999 -9999 -9999 -9999 -9999 -9999 -9999 1624 649 315 625 762 1276 -9999 -9999 52 1430 2061 5362 3033 4267 3811 2180 4695 2559 1962 2767 3164 4386 4171 4854 5373 5443 3649 2680 2416 1902 2260 967 317 207 173 166 225 138 173 318 157 95 95 117 152 421 532 682 430 1182 629 673 411 749 644 954 725 483 2037 1023 2004 2273 2396 3727 1974 3199 4497 7230 4890
-9999 -9999 -9999 -9999 -9999 -9999 -9999 -9999 -9999 -9999 -9999 -9999 -9999 -9999 -9999 858 608 75 292 303 1668 1169 -9999 1537 6443 4507 4064 6190 5186 5455 6136 4395 3431 4163 3680 5233 4022 2348 2874 4308 5017 4774 3146 3336 2483 2642 4346 701 242 220 172 176 197 129 157 120 99 81 97 104 116 157 424 635 3134 734 568 581 969 667 827 529 684 1565 1077 1627 2975 2153 2942 2878 4476 5689 4972 5171
-9999 -9999 -9999 -9999 -9999 -9999 -9999 -9999 -9999 -9999 -9999 -9999 -9999 -9999 -9999 2069 147 84 50 74 590 5794 2374 3913 6397 5864 6190 5351 5656 4812 3513 2990 3273 5537 3993 4841 4307 3158 3165 4974 4176 4075 3518 1611 1967 2120 2814 2060 936 575 331 255 256 240 136 182 284 134 129 110 104 177 373 614 2394 860 687 610 987 1345 1120 978 1388 1366 1793 3985 4247 3680 5842 4227 5217 5511 5708 4492
-9999 -9999 -9999 -9999 -9999 -9999 -9999 -9999 -9999 -9999 -9999 -9999 -9999 -9999 147 161 453 72 57 88 200 2133 6193 5859 5710 5059 5291 5905 5739 5025 3078 3781 3277 4260 4073 5585 4298 4033 3398 3482 2791 2672 2742 1865 3166 3393 2280 2120 2642 1022 393 274 255 676 176 232 432 183 162 147 204 491 980 682 2452 1213 864 1216 1105 1050 1234 1053 2042 2681 5007 2305 3115 3475 4702 6399 4696 4945 4638 5180
-9999 -9999 -9999 -9999 -9999 -9999 -9999 -9999 -9999 -9999 -9999 -9999 -9999 -9999 873 336 113 86 81 99 469 1835 4895 6223 6155 5853 8842 13682 4799 5839 3521 2841 1958 2661 3597 6912 3919 3135 2776 2233 2235 2587 3223 3387 4932 5259 3197 2921 8729 3173 704 521 382 1249 288 119 188 590 336 193 235 443 650 831 2898 1696 1877 1420 1416 1655 1450 886 1776 5594 3402 2362 3411 5331 9969 19096 5647 5379 9311 3805
