GIS/uga_beta.asc
ncols         121
nrows         127
xllcorner     118236.49319105
yllcorner     -163800.7987251
cellsize      5000
NODATA_value  -9999
[rows 36 to 71 of 127, columns 0 to 80 of 121]
-9999 -9999 -9999 -9999 -9999 -9999 -9999 -9999 -9999 -9999 -9999 -9999 -9999 -9999 -9999 -9999 -9999 -9999 -9999 -9999 -9999 -9999 -9999 -9999 -9999 -9999 -9999 0.28 0.26 0.32 0.29 0.32 0.42 0.48 0.41 0.53 0.45 0.51 0.45 0.69 0.49 0.48 0.87 1.545 1.34 1.05 0.97 1.03 0.84 0.94 1.06 0.91 0.57 0.53 0.52 0.71 0.66 0.5 0.41 0.55 0.67 0.54 0.76 0.73 0.61 0.61 0.6 0.66 0.77 0.81 0.74 0.82 0.87 0.52 0.55 0.74 0.71 1.44 1.38 1.15 1.595
-9999 -9999 -9999 -9999 -9999 -9999 -9999 -9999 -9999 -9999 -9999 -9999 -9999 -9999 -9999 -9999 -9999 -9999 -9999 -9999 -9999 -9999 -9999 -9999 -9999 -9999 0.23 0.27 0.24 0.23 0.29 0.53 0.43 0.48 0.52 0.49 0.63 0.55 0.49 0.62 0.51 0.46 0.72 1.28 1.64 1.08 0.83 0.63 0.79 1.06 0.67 0.8 0.59 0.81 0.85 0.85 0.84 0.8 0.63 0.61 0.81 0.81 0.6 0.64 0.77 0.93 0.79 0.81 0.89 0.87 0.95 1 1 1 0.84 0.91 0.81 1.34 1.55 1.645 1.685
-9999 -9999 -9999 -9999 -9999 -9999 -9999 -9999 -9999 -9999 -9999 -9999 -9999 -9999 -9999 -9999 -9999 -9999 -9999 -9999 -9999 -9999 -9999 -9999 -9999 -9999 -9999 0.21 0.25 0.29 0.39 0.51 0.45 0.38 0.44 0.48 0.6 0.73 0.85 0.63 0.68 0.59 0.57 1.39 1.28 1.57 1.53 1.48 1.545 0.8 1.03 0.63 0.77 1.05 1.02 1.04 1.03 1.43 1.545 1.39 0.93 0.77 0.73 0.6 0.72 0.78 0.89 0.89 0.82 0.75 0.77 1 1.05 1.15 1.05 0.95 0.95 1.25 0.95 1.625 1.675
-9999 -9999 -9999 -9999 -9999 -9999 -9999 -9999 -9999 -9999 -9999 -9999 -9999 -9999 -9999 -9999 -9999 -9999 -9999 -9999 -9999 -9999 -9999 -9999 -9999 -9999 0.205 0.21 0.26 0.36 0.33 0.41 0.49 0.325 0.41 0.49 0.67 0.73 0.58 0.62 0.75 0.62 0.45 0.56 1.39 1.63 1.85 1.545 1.525 1.06 0.93 1.02 0.83 0.95 1.44 1.35 1.26 1.38 1.28 1.43 1.1 0.79 0.6 0.67 0.72 0.85 0.83 0.93 0.94 0.85 0.78 1.25 0.95 1.3 1.35 1.2 1.25 1.15 1 0.95 1.15
-9999 -9999 -9999 -9999 -9999 -9999 -9999 -9999 -9999 -9999 -9999 -9999 -9999 -9999 -9999 -9999 -9999 -9999 -9999 -9999 -9999 -9999 -9999 -9999 -9999 -9999 -9999 -9999 0.3 0.35 0.36 0.335 0.4 0.47 0.49 0.57 0.43 0.55 0.71 0.85 0.75 0.57 0.51 1.09 1.47 1.47 1.9 1.57 1.04 1.04 1.38 1.44 1.555 1.575 1.5475 1.555 1.545 2.075 2.125 1.3 1.15 0.82 0.71 0.73 0.73 0.72 0.72 0.75 0.79 0.95 0.87 1 0.95 1.15 1.2 1.3 1.3 1.3 1.3 1.25 0.95
-9999 -9999 -9999 -9999 -9999 -9999 -9999 -9999 -9999 -9999 -9999 -9999 -9999 -9999 -9999 -9999 -9999 -9999 -9999 -9999 -9999 -9999 -9999 -9999 -9999 -9999 -9999 -9999 0.29 0.39 -9999 -9999 0.47 0.38 0.38 0.42 0.36 0.58 0.8 0.66 0.64 0.59 0.52 0.86 0.89 0.98 1.34 1.02 1.34 1.46 1.39 1.37 1.47 1.53 1.95 1.555 1.555 1.585 1.9 1.3 1.2 0.84 0.67 0.62 0.78 0.79 0.77 1.25 0.83 0.95 0.85 0.95 1.35 1.3 1.4 1.35 1.2 1.3 1.2 1.25 0.93
-9999 -9999 -9999 -9999 -9999 -9999 -9999 -9999 -9999 -9999 -9999 -9999 -9999 -9999 -9999 -9999 -9999 -9999 -9999 -9999 -9999 -9999 -9999 -9999 -9999 -9999 -9999 -9999 -9999 0.36 -9999 -9999 -9999 0.41 0.47 0.36 0.41 0.54 0.63 0.68 0.58 0.45 0.62 1.09 0.84 0.78 0.97 0.98 1.39 1 0.905 1 0.85 1.39 1.31 1.875 1.555 1.53 2.2 1.56 0.94 1.1 0.67 0.62 0.89 0.84 1.15 1.2 1.05 0.9 0.82 0.9 1.25 1.25 1.05 1.05 1.05 1.3 1.05 0.93 0.92
-9999 -9999 -9999 -9999 -9999 -9999 -9999 -9999 -9999 -9999 -9999 -9999 -9999 -9999 -9999 -9999 -9999 -9999 -9999 -9999 -9999 -9999 -9999 -9999 -9999 -9999 -9999 -9999 -9999 -9999 -9999 -9999 -9999 -9999 0.37 0.39 0.44 0.59 0.53 0.34 0.415 0.45 0.54 0.78 0.81 0.9 0.96 0.84 0.77 1.57 1 1 0.95 0.9 0.77 1.47 1.41 1.555 1.9 0.71 0.94 0.95 0.72 0.76 0.94 1.15 1.3 1.15 0.81 0.72 0.71 0.73 0.75 0.75 1 1.05 1.2 1.2 1 0.82 0.75
-9999 -9999 -9999 -9999 -9999 -9999 -9999 -9999 -9999 -9999 -9999 -9999 -9999 -9999 -9999 -9999 -9999 -9999 -9999 -9999 -9999 -9999 -9999 -9999 -9999 -9999 -9999 -9999 -9999 -9999 -9999 -9999 -9999 -9999 -9999 -9999 -9999 0.37 0.38 0.61 0.49 0.62 0.52 0.42 0.74 0.77 0.83 0.82 1.15 0.85 0.85 1 1.76 1.735 1.775 1.79 0.87 0.85 0.87 0.85 0.66 0.85 0.78 1.15 0.9 1.05 0.78 0.75 0.73 0.69 0.73 1 0.85 0.65 0.8 1.1 1.05 0.95 0.93 0.84 0.77
-9999 -9999 -9999 -9999 -9999 -9999 -9999 -9999 -9999 -9999 -9999 -9999 -9999 -9999 -9999 -9999 -9999 -9999 -9999 -9999 -9999 -9999 -9999 -9999 -9999 -9999 -9999 -9999 -9999 -9999 -9999 -9999 -9999 -9999 -9999 -9999 -9999 0.39 0.49 -9999 0.52 0.67 0.58 0.57 0.63 1.57 0.85 0.83 1 1.15 1 1.77 1.74 1.76 1.735 1.725 1.76 1.8 1.785 0.85 0.74 0.69 1.3 1.15 1.2 1.15 0.76 0.9 1.25 0.95 0.73 0.79 0.9 0.9 0.8 0.9 0.76 0.83 0.92 0.82 0.81
-9999 -9999 -9999 -9999 -9999 -9999 -9999 -9999 -9999 -9999 -9999 -9999 -9999 -9999 -9999 -9999 -9999 -9999 -9999 -9999 -9999 -9999 -9999 -9999 -9999 -9999 -9999 -9999 -9999 -9999 -9999 -9999 -9999 -9999 -9999 -9999 -9999 -9999 -9999 -9999 0.43 0.72 0.73 0.66 0.81 0.85 0.83 0.81 0.905 1 1.15 1.5 1.775 1.8 1.77 1.76 1.8 1.76 1.5 0.58 1.1 0.55 1.645 1.15 1.15 0.74 0.94 1.1 0.94 0.95 0.95 0.81 0.63 0.73 0.73 0.85 0.66 0.64 0.84 0.73 0.73
-9999 -9999 -9999 -9999 -9999 -9999 -9999 -9999 -9999 -9999 -9999 -9999 -9999 -9999 -9999 -9999 -9999 -9999 -9999 -9999 -9999 -9999 -9999 -9999 -9999 -9999 -9999 -9999 -9999 -9999 -9999 -9999 -9999 -9999 -9999 -9999 -9999 -9999 -9999 -9999 0.38 0.6 0.46 0.46 0.59 0.85 0.84 0.74 0.74 1 1.76 1.77 1.8 1.77 1.8 1.35 1.58 1.6 0.84 0.67 0.8 0.85 0.9 0.95 0.89 0.95 0.94 0.82 0.75 0.82 0.84 0.66 0.69 0.76 0.69 0.55 0.63 0.48 0.56 0.49 0.48
-9999 -9999 -9999 -9999 -9999 -9999 -9999 -9999 -9999 -9999 -9999 -9999 -9999 -9999 -9999 -9999 -9999 -9999 -9999 -9999 -9999 -9999 -9999 -9999 -9999 -9999 -9999 -9999 -9999 -9999 -9999 -9999 -9999 -9999 -9999 -9999 -9999 -9999 -9999 -9999 0.42 0.57 0.69 0.53 0.69 0.9 0.73 0.61 0.61 0.9 0.9 1.57 1.15 1.35 1.57 1.25 0.58 0.4 0.42 0.51 0.7 0.73 0.89 0.83 0.73 1.2 1.15 1.15 1 0.82 0.95 0.66 0.66 0.87 0.68 0.54 0.58 0.46 0.51 0.41 0.58
-9999 -9999 -9999 -9999 -9999 -9999 -9999 -9999 -9999 -9999 -9999 -9999 -9999 -9999 -9999 -9999 -9999 -9999 -9999 -9999 -9999 -9999 -9999 -9999 -9999 -9999 -9999 -9999 -9999 -9999 -9999 -9999 -9999 -9999 -9999 -9999 -9999 -9999 -9999 -9999 0.67 0.46 0.67 0.53 0.84 0.84 0.71 0.57 0.72 0.9 1.05 0.9 1.57 0.9 1.1 0.42 0.29 0.51 0.47 0.49 0.63 0.84 1.2 1.3 1.05 0.9 1.1 0.93 0.93 0.66 0.64 0.73 0.69 0.87 0.54 0.41 0.43 0.43 0.44 0.49 0.52
-9999 -9999 -9999 -9999 -9999 -9999 -9999 -9999 -9999 -9999 -9999 -9999 -9999 -9999 -9999 -9999 -9999 -9999 -9999 -9999 -9999 -9999 -9999 -9999 -9999 -9999 -9999 -9999 -9999 -9999 -9999 -9999 -9999 -9999 -9999 -9999 -9999 -9999 -9999 -9999 0.63 0.68 0.79 0.76 0.69 0.74 0.63 0.57 0.59 0.64 0.84 0.73 0.85 0.73 0.59 0.33 0.41 0.38 0.41 0.54 0.69 0.59 0.87 1 0.87 0.7 0.8 0.87 0.72 0.65 0.69 0.89 0.92 0.87 0.54 0.41 0.35 0.32 0.33 0.41 0.43
-9999 -9999 -9999 -9999 -9999 -9999 -9999 -9999 -9999 -9999 -9999 -9999 -9999 -9999 -9999 -9999 -9999 -9999 -9999 -9999 -9999 -9999 -9999 -9999 -9999 -9999 -9999 -9999 -9999 -9999 -9999 -9999 -9999 -9999 -9999 -9999 -9999 -9999 -9999 -9999 0.5 0.45 0.57 0.68 0.78 0.63 0.76 0.53 0.49 0.81 0.73 0.73 0.73 0.72 0.33 0.29 0.28 0.35 0.32 0.39 0.53 0.58 0.73 0.82 0.94 0.94 1.3 1.15 0.93 0.89 0.93 0.72 0.94 0.87 0.45 0.36 0.27 0.23 0.29 0.28 0.35
-9999 -9999 -9999 -9999 -9999 -9999 -9999 -9999 -9999 -9999 -9999 -9999 -9999 -9999 -9999 -9999 -9999 -9999 -9999 -9999 -9999 -9999 -9999 -9999 -9999 -9999 -9999 -9999 -9999 -9999 -9999 -9999 -9999 -9999 -9999 -9999 -9999 -9999 -9999 -9999 0.41 0.52 0.57 0.51 0.59 0.82 0.72 0.58 0.45 0.29 0.38 0.27 0.21 0.26 0.3 0.34 0.38 0.44 0.51 0.45 0.59 0.58 0.64 0.67 0.95 0.93 1.15 1.56 1.25 0.72 0.93 0.7 0.73 0.7 0.34 0.31 0.23 0.33 0.24 0.3 0.25
-9999 -9999 -9999 -9999 -9999 -9999 -9999 -9999 -9999 -9999 -9999 -9999 -9999 -9999 -9999 -9999 -9999 -9999 -9999 -9999 -9999 -9999 -9999 -9999 -9999 -9999 -9999 -9999 -9999 -9999 -9999 -9999 -9999 -9999 -9999 -9999 -9999 -9999 0.9 0.41 0.33 0.67 0.52 0.58 0.71 0.68 0.63 0.4 0.21 0.27 0.28 0.3 0.31 0.24 0.25 0.29 0.33 0.39 0.43 0.61 0.37 0.44 0.67 1.05 1.05 0.93 0.9 1.56 1 0.72 0.87 0.45 0.36 0.4 0.39 0.29 0.34 0.32 0.28 0.26 0.24
-9999 -9999 -9999 -9999 -9999 -9999 -9999 -9999 -9999 -9999 -9999 -9999 -9999 -9999 -9999 -9999 -9999 -9999 -9999 -9999 -9999 -9999 -9999 -9999 -9999 -9999 -9999 -9999 -9999 -9999 -9999 -9999 -9999 -9999 -9999 -9999 -9999 -9999 0.33 0.29 0.35 0.79 0.63 0.78 0.9 0.77 0.63 0.3 0.21 0.3 0.23 0.24 0.24 0.24 0.24 0.26 0.3 0.4 0.4 0.35 0.29 0.34 0.54 0.7 0.66 0.75 1.05 0.75 0.8 0.58 0.53 0.49 0.57 0.49 0.44 0.31 0.21 0.34 0.29 0.26 0.23
-9999 -9999 -9999 -9999 -9999 -9999 -9999 -9999 -9999 -9999 -9999 -9999 -9999 -9999 -9999 -9999 -9999 -9999 -9999 -9999 -9999 -9999 -9999 -9999 -9999 -9999 -9999 -9999 -9999 -9999 -9999 -9999 -9999 -9999 -9999 -9999 -9999 -9999 0.31 0.39 0.41 0.4 0.54 0.95 0.85 0.68 0.36 0.21 0.29 0.24 0.19 0.165 0.21 0.25 0.22 0.26 0.29 0.27 0.21 0.28 0.38 0.45 0.49 0.62 0.63 0.8 0.7 1.05 0.675 0.48 0.52 0.8 0.58 0.47 0.33 0.32 0.28 0.39 0.24 0.22 0.26
-9999 -9999 -9999 -9999 -9999 -9999 -9999 -9999 -9999 -9999 -9999 -9999 -9999 -9999 -9999 -9999 -9999 -9999 -9999 -9999 -9999 -9999 -9999 -9999 -9999 -9999 -9999 -9999 -9999 -9999 -9999 -9999 -9999 -9999 -9999 -9999 -9999 0.24 0.28 0.39 0.32 0.43 0.3 0.25 0.21 0.14 0.145 0.14 0.18 0.23 0.23 0.27 0.27 0.21 0.21 0.23 0.22 0.18 0.16 0.24 0.27 0.29 0.24 0.26 0.32 0.35 0.37 0.39 0.57 0.455 0.46 0.64 0.56 0.65 0.53 0.36 0.28 0.27 0.28 0.34 0.22
-9999 -9999 -9999 -9999 -9999 -9999 -9999 -9999 -9999 -9999 -9999 -9999 -9999 -9999 -9999 -9999 -9999 -9999 -9999 -9999 -9999 -9999 -9999 -9999 -9999 -9999 -9999 -9999 -9999 -9999 -9999 -9999 -9999 -9999 -9999 -9999 0.21 0.29 0.37 0.33 0.33 0.32 0.24 0.22 0.155 0.155 0.135 0.17 0.16 0.165 0.24 0.24 0.26 0.21 0.16 0.2 0.2 0.18 0.18 0.2 0.16 0.21 0.24 0.32 0.95 0.37 0.4 1.05 0.4 0.38 0.67 0.72 0.71 0.7 0.49 0.43 0.52 0.34 0.24 0.27 0.23
-9999 -9999 -9999 -9999 -9999 -9999 -9999 -9999 -9999 -9999 -9999 -9999 -9999 -9999 -9999 -9999 -9999 -9999 -9999 -9999 -9999 -9999 -9999 -9999 -9999 -9999 -9999 -9999 -9999 -9999 -9999 -9999 -9999 -9999 -9999 0.23 0.3 0.34 0.29 0.34 0.28 0.26 0.19 0.17 0.155 0.115 0.155 0.145 0.2 0.145 0.17 0.2 0.19 0.2 0.145 0.155 0.18 0.16 0.16 0.21 0.23 0.18 0.3 0.33 0.42 -9999 0.44 0.31 0.33 0.62 0.65 0.48 0.48 0.58 0.59 0.51 0.42 0.22 0.31 0.31 0.41
-9999 -9999 -9999 -9999 -9999 -9999 -9999 -9999 -9999 -9999 -9999 -9999 -9999 -9999 -9999 -9999 -9999 -9999 -9999 -9999 -9999 -9999 -9999 -9999 -9999 -9999 -9999 -9999 -9999 -9999 -9999 -9999 0.16 0.13 0.115 0.22 0.27 0.28 0.29 0.21 0.22 0.22 0.145 0.155 0.125 0.09 0.115 0.155 0.155 0.19 0.21 0.135 0.155 0.155 0.135 0.14 0.18 0.21 0.24 0.32 0.29 0.23 0.18 0.22 0.39 -9999 0.43 0.33 0.41 0.54 0.45 0.44 0.56 0.61 0.37 0.34 0.28 0.35 -9999 0.33 0.23
-9999 -9999 -9999 -9999 -9999 -9999 -9999 -9999 -9999 -9999 -9999 -9999 -9999 -9999 -9999 -9999 -9999 -9999 -9999 -9999 -9999 -9999 -9999 -9999 -9999 -9999 -9999 -9999 -9999 -9999 0.22 0.145 0.14 0.145 0.23 0.21 0.22 0.25 0.25 0.19 0.15 0.14 0.115 0.14 0.125 0.095 0.125 0.13 0.155 0.22 0.16 0.21 0.16 0.145 0.14 0.18 0.2 0.17 0.26 0.23 0.26 0.22 0.16 0.18 0.16 0.23 0.37 0.27 0.38 0.47 0.39 0.47 0.44 -9999 -9999 0.49 0.35 -9999 0.25 0.26 0.33
-9999 -9999 -9999 -9999 -9999 -9999 -9999 -9999 -9999 -9999 -9999 -9999 -9999 -9999 -9999 -9999 -9999 -9999 -9999 -9999 -9999 -9999 -9999 -9999 -9999 -9999 -9999 -9999 -9999 -9999 0.135 0.21 0.145 0.21 0.19 0.19 0.24 0.2 0.16 0.16 0.125 0.105 0.11 0.135 0.135 0.105 0.105 0.115 0.115 0.16 0.115 0.135 0.13 0.115 0.135 0.17 0.18 0.22 0.17 0.23 0.17 0.23 0.26 0.29 0.27 0.21 0.63 0.27 0.37 0.29 -9999 -9999 -9999 -9999 -9999 -9999 -9999 0.78 0.28 0.31 0.24
-9999 -9999 -9999 -9999 -9999 -9999 -9999 -9999 -9999 -9999 -9999 -9999 -9999 -9999 -9999 -9999 -9999 -9999 -9999 -9999 -9999 -9999 -9999 -9999 -9999 -9999 -9999 -9999 0.17 0.145 0.155 0.21 0.18 0.21 0.18 0.23 0.165 0.14 0.125 0.08 0.085 0.085 0.085 0.12 0.115 0.115 0.13 0.125 0.09 0.115 0.125 0.115 0.105 0.135 0.14 0.19 0.125 0.16 0.2 0.21 0.23 0.17 0.27 0.32 0.31 0.23 0.17 -9999 -9999 -9999 0.29 0.45 -9999 0.45 0.45 1 -9999 -9999 -9999 0.42 0.29
-9999 -9999 -9999 -9999 -9999 -9999 -9999 -9999 -9999 -9999 -9999 -9999 -9999 -9999 -9999 -9999 -9999 -9999 -9999 -9999 -9999 -9999 -9999 -9999 -9999 -9999 -9999 -9999 0.14 0.145 0.21 0.165 0.135 0.135 0.18 0.15 0.135 0.17 0.17 0.085 0.095 0.1 0.105 0.11 0.12 0.075 0.105 0.135 0.105 0.105 0.065 0.11 0.11 0.125 0.115 0.13 0.14 0.19 0.18 0.18 0.18 0.17 0.24 0.27 0.23 0.27 0.22 0.23 0.32 0.57 0.31 0.34 0.33 0.32 0.37 0.33 0.43 0.46 -9999 0.47 0.39
-9999 -9999 -9999 -9999 -9999 -9999 -9999 -9999 -9999 -9999 -9999 -9999 -9999 -9999 -9999 -9999 -9999 -9999 -9999 -9999 -9999 -9999 -9999 -9999 -9999 -9999 -9999 0.26 0.2 0.21 0.23 0.22 0.135 0.38 0.16 0.145 0.11 0.125 0.11 0.115 0.085 0.115 0.105 0.085 0.125 0.075 0.105 0.075 0.075 0.075 0.09 0.135 0.115 0.13 0.135 0.135 0.115 0.115 0.19 0.135 0.2 0.22 0.24 0.3 0.28 0.27 0.27 0.17 0.19 0.21 0.23 0.29 0.34 0.27 0.45 0.5 0.42 0.45 0.43 -9999 -9999
-9999 -9999 -9999 -9999 -9999 -9999 -9999 -9999 -9999 -9999 -9999 -9999 -9999 -9999 -9999 -9999 -9999 -9999 -9999 -9999 -9999 -9999 -9999 -9999 -9999 -9999 0.19 0.145 0.3 0.29 0.17 0.155 0.17 0.26 0.095 0.105 0.105 0.125 0.125 0.085 0.085 0.095 0.085 0.075 0.095 0.115 0.095 0.1 0.09 0.105 0.09 0.115 0.125 0.13 0.115 0.115 0.14 0.14 0.135 0.135 0.18 0.16 0.23 0.21 0.22 0.17 0.28 0.3 0.32 0.28 0.31 0.22 0.39 0.24 0.41 0.58 0.59 0.63 0.36 0.56 0.48
-9999 -9999 -9999 -9999 -9999 -9999 -9999 -9999 -9999 -9999 -9999 -9999 -9999 -9999 -9999 -9999 -9999 -9999 -9999 -9999 -9999 -9999 -9999 -9999 -9999 0.155 0.145 0.27 0.21 0.165 0.155 0.155 0.145 0.095 0.115 0.095 0.115 0.095 0.105 0.065 0.075 0.085 0.085 0.09 0.085 0.115 0.11 0.095 0.13 0.11 0.085 0.115 0.13 0.095 0.105 0.14 0.095 0.115 0.135 0.11 0.12 0.17 0.23 0.17 0.24 0.22 0.21 0.31 0.25 0.33 0.28 0.29 0.39 0.47 0.48 0.46 0.83 0.86 0.58 0.56 0.64
-9999 -9999 -9999 -9999 -9999 -9999 -9999 -9999 -9999 -9999 -9999 -9999 -9999 -9999 -9999 -9999 -9999 -9999 -9999 -9999 -9999 -9999 -9999 -9999 -9999 0.105 0.145 0.22 0.24 0.1375 0.145 0.16 0.105 0.11 0.145 0.12 0.095 0.085 0.08 0.085 0.085 0.085 0.095 0.125 0.085 0.105 0.135 0.11 0.095 0.105 0.095 0.095 0.125 0.105 0.095 0.135 0.125 0.115 0.115 0.125 0.125 0.19 0.18 0.16 0.16 0.17 0.28 0.29 0.32 0.37 0.37 0.29 0.28 0.51 0.47 0.35 0.36 0.63 1.05 1 1.25
-9999 -9999 -9999 -9999 -9999 -9999 -9999 -9999 -9999 -9999 -9999 -9999 -9999 -9999 -9999 -9999 -9999 0.075 0.085 0.08 0.09 -9999 -9999 -9999 0.115 0.105 0.17 0.15 0.115 0.11 0.2 0.115 0.12 0.125 0.145 0.14 0.105 0.085 0.105 0.095 0.115 0.125 0.125 0.12 0.105 0.115 0.135 0.105 0.135 0.13 0.08 0.095 0.135 0.135 0.1 0.09 0.125 0.095 0.115 0.11 0.135 0.125 0.18 0.18 0.16 0.23 0.24 0.26 0.29 0.37 0.39 0.44 0.54 0.54 0.62 0.6 0.95 1.05 1.2 1.61 1.61
-9999 -9999 -9999 -9999 -9999 -9999 -9999 -9999 -9999 -9999 -9999 -9999 -9999 -9999 -9999 0.09 0.085 0.1 0.085 0.075 0.09 -9999 -9999 0.065 0.07 0.095 0.135 0.1 0.165 0.165 0.115 0.14 0.14 0.17 0.15 0.145 0.11 0.125 0.125 0.105 0.115 0.095 0.125 0.13 0.115 0.105 0.125 0.105 0.135 0.135 0.105 0.095 0.09 0.13 0.105 0.09 0.135 0.135 0.135 0.1325 0.19 0.125 0.18 0.18 0.2 0.22 0.23 0.3 0.31 0.34 0.37 0.36 0.49 0.55 0.64 0.57 1.1 1.35 1.3 1.68 1.6
-9999 -9999 -9999 -9999 -9999 -9999 -9999 -9999 -9999 -9999 -9999 -9999 -9999 -9999 -9999 0.075 0.09 0.075 0.1 0.13 0.06 0.085 -9999 0.095 0.18 0.115 0.095 0.155 0.17 0.145 0.135 0.18 0.125 0.145 0.145 0.135 0.145 0.145 0.145 0.12 0.105 0.115 0.14 0.125 0.095 0.115 0.09 0.095 0.115 0.125 0.115 0.095 0.08 0.105 0.085 0.095 0.125 0.13 0.18 0.17 0.135 0.125 0.16 0.18 0.14 0.16 0.27 0.32 0.33 0.32 0.44 0.48 0.49 0.56 0.64 0.95 1.05 1.35 1.63 1.71 1.785
-9999 -9999 -9999 -9999 -9999 -9999 -9999 -9999 -9999 -9999 -9999 -9999 -9999 -9999 -9999 0.08 0.09 0.075 0.1 0.085 0.08 0.07 0.085 0.135 0.145 0.155 0.14 0.155 0.155 0.155 0.165 0.13 0.155 0.145 0.13 0.135 0.19 0.19 0.15 0.12 0.115 0.105 0.115 0.12 0.125 0.105 0.11 0.105 0.13 0.12 0.13 0.09 0.095 0.095 0.075 0.09 0.105 0.125 0.18 0.18 0.135 0.135 0.21 0.18 0.21 0.17 0.21 0.32 0.33 0.31 0.44 0.46 0.49 0.53 0.48 0.84 1.45 1.4 1.69 1.7 1.805
