GIS/uga_pfpr2to10.asc
ncols         121
nrows         127
xllcorner     118236.49319105
yllcorner     -163800.7987251
cellsize      5000
NODATA_value  -9999
[rows 56 to 83 of 127, columns 0 to 61 of 121]
-9999 -9999 -9999 -9999 -9999 -9999 -9999 -9999 -9999 -9999 -9999 -9999 -9999 -9999 -9999 -9999 -9999 -9999 -9999 -9999 -9999 -9999 -9999 -9999 -9999 -9999 -9999 -9999 -9999 -9999 -9999 -9999 -9999 -9999 -9999 -9999 -9999 0.1627896 0.1832063 0.1951996 0.1679549 0.1937712 0.1556619 0.1368904 0.1203089 0.1166511 0.1057839 0.115099 0.115273 0.1098371 0.1089473 0.1339757 0.1494164 0.1274898 0.1479949 0.1563283 0.1374427 0.1361985 0.1428505 0.1640111 0.1808617 0.2040354
-9999 -9999 -9999 -9999 -9999 -9999 -9999 -9999 -9999 -9999 -9999 -9999 -9999 -9999 -9999 -9999 -9999 -9999 -9999 -9999 -9999 -9999 -9999 -9999 -9999 -9999 -9999 -9999 -9999 -9999 -9999 -9999 -9999 -9999 -9999 -9999 0.157384 0.1976265 0.2321189 0.1998689 0.1570317 0.1694037 0.1355544 0.1437169 0.1327674 0.1109983 0.1182368 0.1321739 0.1190027 0.09865537 0.1151792 0.118169 0.124881 0.1250609 0.1323885 0.1164255 0.1229748 0.1206197 0.1364183 0.142627 0.144409 0.1926396
-9999 -9999 -9999 -9999 -9999 -9999 -9999 -9999 -9999 -9999 -9999 -9999 -9999 -9999 -9999 -9999 -9999 -9999 -9999 -9999 -9999 -9999 -9999 -9999 -9999 -9999 -9999 -9999 -9999 -9999 -9999 -9999 -9999 -9999 -9999 0.1809477 0.2040363 0.219123 0.2166124 0.1976671 0.1676813 0.1689201 0.1475381 0.1485503 0.115248 0.1133624 0.1145266 0.1194007 0.1057811 0.09361499 0.1133155 0.09653535 0.1050388 0.111927 0.1052267 0.1078503 0.113801 0.1333595 0.1514496 0.1851136 0.1825851 0.1560446
-9999 -9999 -9999 -9999 -9999 -9999 -9999 -9999 -9999 -9999 -9999 -9999 -9999 -9999 -9999 -9999 -9999 -9999 -9999 -9999 -9999 -9999 -9999 -9999 -9999 -9999 -9999 -9999 -9999 -9999 -9999 -9999 0.152669 0.1216656 0.1166724 0.1824045 0.2032977 0.1941492 0.1946933 0.176089 0.151375 0.1398813 0.1147229 0.121168 0.1056173 0.09863964 0.1077923 0.1090263 0.1087274 0.1040747 0.1149822 0.09802414 0.09874119 0.09112058 0.09153666 0.1051878 0.1168586 0.1495525 0.179184 0.2023355 0.2024846 0.1827431
-9999 -9999 -9999 -9999 -9999 -9999 -9999 -9999 -9999 -9999 -9999 -9999 -9999 -9999 -9999 -9999 -9999 -9999 -9999 -9999 -9999 -9999 -9999 -9999 -9999 -9999 -9999 -9999 -9999 -9999 0.1413034 0.1174496 0.1084525 0.110821 0.1604525 0.1930827 0.2026073 0.2011555 0.192508 0.1476091 0.1300864 0.1195099 0.1146222 0.1141813 0.1048875 0.1018506 0.1021681 0.1038972 0.104301 0.1054124 0.1074379 0.1198922 0.1096119 0.1084356 0.0838518 0.110342 0.1218637 0.1574121 0.1527289 0.1662197 0.200545 0.1818483
-9999 -9999 -9999 -9999 -9999 -9999 -9999 -9999 -9999 -9999 -9999 -9999 -9999 -9999 -9999 -9999 -9999 -9999 -9999 -9999 -9999 -9999 -9999 -9999 -9999 -9999 -9999 -9999 -9999 -9999 0.1075015 0.1369711 0.1029869 0.1398441 0.1626133 0.1616805 0.1881035 0.1709255 0.1527425 0.1518987 0.1290618 0.1286593 0.1120261 0.1061556 0.1019078 0.09708468 0.1109773 0.1062905 0.09369946 0.09440606 0.08158468 0.08662959 0.09710945 0.08616099 0.08899075 0.1018166 0.1181573 0.1466302 0.1476618 0.1610461 0.169432 0.1898777
-9999 -9999 -9999 -9999 -9999 -9999 -9999 -9999 -9999 -9999 -9999 -9999 -9999 -9999 -9999 -9999 -9999 -9999 -9999 -9999 -9999 -9999 -9999 -9999 -9999 -9999 -9999 -9999 0 0.1005818 0.1010826 0.1133209 0.1299438 0.1571229 0.1466493 0.1619988 0.1645967 0.1635758 0.1280118 0.08353767 0.1024698 0.1068346 0.09305961 0.09996778 0.104903 0.1004297 0.1110465 0.1074464 0.09501937 0.08153993 0.0809969 0.07584962 0.07645711 0.08209366 0.1022907 0.1023104 0.1055579 0.1266103 0.137409 0.1603094 0.1691848 0.1644385
-9999 -9999 -9999 -9999 -9999 -9999 -9999 -9999 -9999 -9999 -9999 -9999 -9999 -9999 -9999 -9999 -9999 -9999 -9999 -9999 -9999 -9999 -9999 -9999 -9999 -9999 -9999 -9999 0.1022944 0.09062345 0.09501316 0.1138579 0.1139296 0.1311307 0.1264678 0.1302753 0.1582042 0.1734719 0.1587833 0.1127217 0.1091615 0.1115372 0.1002452 0.09359996 0.1121823 0.0941387 0.1008296 0.1058381 0.09308589 0.0837029 0.07742123 0.07573275 0.08274046 0.09295753 0.1044549 0.1111429 0.1021919 0.1047754 0.1204405 0.1253072 0.1250346 0.158847
-9999 -9999 -9999 -9999 -9999 -9999 -9999 -9999 -9999 -9999 -9999 -9999 -9999 -9999 -9999 -9999 -9999 -9999 -9999 -9999 -9999 -9999 -9999 -9999 -9999 -9999 -9999 0.1571519 0.1146707 0.1282966 0.1441016 0.1237813 0.138968 0.2279127 0.125719 0.1416456 0.1328231 0.1608478 0.1312051 0.1159377 0.1077837 0.1177944 0.1028138 0.09032621 0.09830063 0.08833797 0.08599764 0.0772342 0.07805391 0.07585971 0.07316303 0.08642941 0.08889192 0.1029109 0.1064259 0.1067426 0.1122393 0.1006759 0.1052614 0.1104627 0.1346834 0.1581545
-9999 -9999 -9999 -9999 -9999 -9999 -9999 -9999 -9999 -9999 -9999 -9999 -9999 -9999 -9999 -9999 -9999 -9999 -9999 -9999 -9999 -9999 -9999 -9999 -9999 -9999 0.1438838 0.1117017 0.1549017 0.1647716 0.1305464 0.1794922 0.1877578 0.2177951 0.1344456 0.133387 0.1363224 0.1291624 0.1242634 0.1097672 0.1001887 0.1036116 0.09300823 0.09555513 0.0928131 0.08666296 0.08195612 0.08053016 0.08125137 0.08599385 0.07669742 0.07994672 0.08579035 0.08978873 0.0942495 0.1126939 0.1045904 0.1010615 0.1044302 0.1103292 0.1220328 0.1419814
-9999 -9999 -9999 -9999 -9999 -9999 -9999 -9999 -9999 -9999 -9999 -9999 -9999 -9999 -9999 -9999 -9999 -9999 -9999 -9999 -9999 -9999 -9999 -9999 -9999 0.1197679 0.1068348 0.1597086 0.1520986 0.1145545 0.1581832 0.1671838 0.1719879 0.1327076 0.1323237 0.122039 0.1294255 0.1054453 0.1084471 0.118706 0.08869722 0.08915883 0.09112618 0.1040312 0.09177098 0.09174585 0.09269398 0.09844124 0.08895123 0.08527987 0.0701772 0.07921895 0.08429574 0.08260272 0.09050251 0.1044464 0.1059949 0.1043348 0.1016175 0.0910489 0.1050094 0.1201235
-9999 -9999 -9999 -9999 -9999 -9999 -9999 -9999 -9999 -9999 -9999 -9999 -9999 -9999 -9999 -9999 -9999 -9999 -9999 -9999 -9999 -9999 -9999 -9999 -9999 0.09104344 0.1048274 0.1460859 0.1589167 0.1201665 0.1291869 0.132203 0.1112573 0.1166959 0.1257365 0.1311825 0.112568 0.1054165 0.100137 0.09008015 0.08688862 0.08759212 0.09859238 0.1023755 0.09018826 0.09434259 0.1025726 0.09380859 0.0899457 0.08528762 0.07792283 0.06809997 0.08062756 0.07682922 0.08178103 0.09051391 0.09688219 0.1015183 0.08897093 0.09692407 0.1163283 0.1051341
-9999 -9999 -9999 -9999 -9999 -9999 -9999 -9999 -9999 -9999 -9999 -9999 -9999 -9999 -9999 -9999 -9999 0.06937933 0.07939875 0.06875207 0.07042989 -9999 -9999 -9999 0.1042582 0.1052475 0.1269522 0.1069546 0.1058968 0.09969199 0.1327316 0.1028837 0.1005031 0.1064383 0.1073015 0.1269395 0.1173711 0.1080639 0.1216171 0.09914849 0.09126517 0.08349148 0.09887215 0.09240381 0.0938623 0.09226263 0.09414954 0.09283482 0.08273637 0.09284603 0.08307645 0.0678812 0.07975131 0.07936335 0.07925525 0.08048998 0.08241317 0.09124492 0.09879791 0.1025091 0.1002937 0.1119278
-9999 -9999 -9999 -9999 -9999 -9999 -9999 -9999 -9999 -9999 -9999 -9999 -9999 -9999 -9999 0.07615522 0.09262301 0.09476992 0.09391571 0.08156602 0.06216121 -9999 -9999 0.09211866 0.08311129 0.08753576 0.1013291 0.09870528 0.1084251 0.1122042 0.1047462 0.1153272 0.1106302 0.1147548 0.1123563 0.130445 0.1200295 0.1175481 0.1144718 0.1139115 0.1073251 0.08425578 0.0913807 0.09733056 0.09587467 0.09179152 0.08610803 0.08337584 0.08641164 0.08342075 0.08183945 0.06865317 0.0723389 0.08471055 0.08459518 0.08740684 0.0880596 0.1050981 0.09865461 0.1034175 0.1039065 0.1073862
-9999 -9999 -9999 -9999 -9999 -9999 -9999 -9999 -9999 -9999 -9999 -9999 -9999 -9999 -9999 0.07388111 0.09124919 0.08148136 0.08505983 0.08952983 0.06347259 0.09546822 -9999 0.08727829 0.1341931 0.09136456 0.08460384 0.1090573 0.1309227 0.1262019 0.1214951 0.1302726 0.1307639 0.124856 0.1305213 0.130646 0.1283112 0.1175137 0.1129501 0.1025503 0.09685912 0.1022607 0.08408237 0.08242857 0.08864573 0.09525181 0.08694206 0.08618885 0.09275223 0.07873172 0.07805089 0.08180203 0.0714796 0.07639185 0.08006811 0.08132829 0.08916461 0.09227069 0.1017958 0.1078677 0.1086634 0.1093775
-9999 -9999 -9999 -9999 -9999 -9999 -9999 -9999 -9999 -9999 -9999 -9999 -9999 -9999 -9999 0.08585174 0.07884338 0.08125525 0.09503323 0.09083553 0.08471045 0.08500323 0.07646026 0.1168653 0.122062 0.1117291 0.09836041 0.1101885 0.1376559 0.1291874 0.1205075 0.1171374 0.138298 0.1325921 0.1279511 0.1196562 0.1185075 0.1085198 0.09005778 0.08881919 0.09952846 0.08716716 0.1020686 0.07696846 0.07873199 0.100267 0.09844714 0.09672501 0.08473293 0.08122285 0.07897348 0.07710753 0.07379694 0.06434099 0.07292098 0.07328073 0.08667928 0.08986355 0.1001483 0.1028873 0.0999862 0.1021074
-9999 -9999 -9999 -9999 -9999 -9999 -9999 -9999 -9999 -9999 -9999 -9999 -9999 -9999 0.07713386 0.08939401 0.08356546 0.09141202 0.08588928 0.09106796 0.1178777 0.1052724 0.0982274 0.1169061 0.1334127 0.1210517 0.1276839 0.1406713 0.1334052 0.1272916 0.1225131 0.1125819 0.1178883 0.1219548 0.100399 0.1037496 0.1205429 0.107771 0.09221319 0.08737368 0.1071315 0.09786046 0.08614212 0.08917318 0.08001252 0.09175545 0.08939448 0.09270663 0.08685497 0.0794389 0.07482044 0.07187357 0.07360602 0.06648035 0.06973882 0.06583871 0.08542947 0.08386528 0.09915337 0.09928895 0.1049205 0.1070331
-9999 -9999 -9999 -9999 -9999 -9999 -9999 -9999 -9999 -9999 -9999 -9999 -9999 -9999 0.08060101 0.08435056 0.08836226 0.0933203 0.1065679 0.1152608 0.0973701 0.09338593 0.09529182 0.1225933 0.1189259 0.1170399 0.1294487 0.1019034 0.1199268 0.1171724 0.1156993 0.1275321 0.1206381 0.1208037 0.1084705 0.09589852 0.1018404 0.1024077 0.08595838 0.09104528 0.08852611 0.08557661 0.09360506 0.0866278 0.08892788 0.08309541 0.08110372 0.07466316 0.07745354 0.07272757 0.07479929 0.07574291 0.06638168 0.06705593 0.07102603 0.07698262 0.07850936 0.08323547 0.08585698 0.09101649 0.0900305 0.1058334
-9999 -9999 -9999 -9999 -9999 -9999 -9999 -9999 -9999 -9999 -9999 -9999 -9999 0.08303284 0.08852238 0.09320107 0.1020887 0.09556387 0.08922791 0.1036059 0.09455713 0.1158365 0.1036444 0.09807336 0.09815658 0.1052828 0.1076361 0.1203492 0.1134635 0.1123946 0.1197825 0.1275525 0.1278877 0.1109394 0.09595787 0.09622909 0.1058929 0.0946646 0.09753987 0.09660944 0.1033394 0.08532781 0.08274936 0.07828204 0.07411744 0.07892125 0.0698364 0.06671818 0.07787095 0.06931648 0.07057531 0.07173814 0.07307609 0.07010278 0.06637042 0.07916853 0.08116231 0.0780446 0.08246194 0.09358975 0.09512832 0.1092391
-9999 -9999 -9999 -9999 -9999 -9999 -9999 -9999 -9999 -9999 0.1668452 0.17726 0.1390046 0.1004369 0.08800194 0.09987595 0.1049942 0.1003194 0.1014941 0.1017258 0.08876055 0.09788643 0.1153408 0.09060127 0.09366581 0.09375343 0.09475449 0.09240647 0.09700797 0.1032905 0.1073832 0.1004023 0.1112822 0.1160899 0.1015332 0.1049135 0.09748488 0.08507624 0.09332073 0.1046043 0.09311724 0.07913663 0.08028304 0.0697123 0.06999236 0.0700014 0.06388611 0.05941979 0.0653915 0.0709748 0.06261312 0.0703491 0.06943803 0.06777012 0.06959174 0.07741976 0.0919504 0.0760766 0.07642623 0.08858405 0.1064889 0.1105323
-9999 -9999 -9999 -9999 -9999 -9999 -9999 -9999 -9999 0.1850599 0.1960517 0.1423617 0.110401 0.09768939 0.08283427 0.1052224 0.1195041 0.101937 0.100911 0.08899662 0.1072002 0.09187239 0.1071721 0.09072692 0.08902733 0.1147827 0.103913 0.09238728 0.09508465 0.1332438 0.1172009 0.1184084 0.1056785 0.09475121 0.08434592 0.09425796 0.09151856 0.09273577 0.08490944 0.08954718 0.09181955 0.08492087 0.07002478 0.07205496 0.06064374 0.06327225 0.06974278 0.06393342 0.06523056 0.06171093 0.05972848 0.05914387 0.07100478 0.07182255 0.08147865 0.07726925 0.07756468 0.09360146 0.06965716 0.08371567 0.1009224 0.1178855
-9999 -9999 -9999 -9999 -9999 -9999 -9999 -9999 -9999 0.1930896 0.1244834 0.1298604 0.1121449 0.08005659 0.09041487 0.08676379 0.09811676 0.08558885 0.09280714 0.09145765 0.1161731 0.08699249 0.1028996 0.08862913 0.1010647 0.1233546 0.1117297 0.1133687 0.1072958 0.1062495 0.1262035 0.108798 0.09876995 0.1063852 0.0993371 0.09611584 0.08656019 0.0876739 0.08300731 0.08884284 0.08838865 0.08827132 0.07569896 0.07795762 0.06786411 0.0714604 0.08270658 0.08512718 0.0731546 0.0574212 0.05462581 0.05317611 0.05451533 0.06198812 0.07617623 0.07254153 0.07477468 0.08508276 0.07615171 0.08979629 0.08921321 0.1018057
-9999 -9999 -9999 -9999 -9999 -9999 -9999 -9999 -9999 0.1473742 0.1148626 0.1042275 0.1042904 0.06898321 0.07925183 0.08586436 0.09091176 0.1006891 0.09549152 0.1003288 0.0823148 0.08299979 0.09023783 0.1143112 0.1163395 0.1119756 0.1164962 0.1350066 0.1214808 0.1094422 0.1272778 0.1037229 0.09673624 0.1035782 0.09966147 0.0935355 0.08815097 0.09191899 0.08207442 0.07818583 0.08560622 0.08887537 0.08257537 0.07745166 0.07600804 0.06496578 0.06854618 0.0760555 0.07697193 0.06431083 0.06026746 0.05450431 0.04828078 0.05195517 0.06544081 0.07631922 0.08357325 0.09454931 0.0797755 0.08762695 0.1033771 0.1175068
-9999 -9999 -9999 -9999 -9999 -9999 -9999 -9999 -9999 0.1272464 0.1165242 0 0.06313292 0.09874386 0.1165829 0.07800464 0.08536261 0.09275699 0.09621808 0.07926443 0.1002017 0.08488287 0.09883329 0.1126117 0.1092703 0.09726334 0.1108081 0.1081889 0.1070065 0.08901309 0.1034801 0.1063916 0.09926306 0.09315412 0.09020639 0.09208354 0.1015452 0.09601536 0.08254262 0.0864362 0.08623166 0.07507468 0.07251421 0.06952752 0.06699578 0.07136367 0.06107333 0.05901307 0.05782348 0.07925467 0.0789708 0.07129408 0.06684335 0.06978052 0.05931301 0.06640866 0.07495704 0.08619174 0.08212556 0.0981363 0.1010811 0.106474
-9999 -9999 -9999 -9999 -9999 -9999 -9999 -9999 -9999 0.1143645 0.1210028 0 0.06875207 0.1146965 0.1237146 0.11615 0.11053 0.08537313 0.1039506 0.08715124 0.08343815 0.1116557 0.09706204 0.1011537 0.106066 0.09756181 0.09246016 0.08261132 0.1015053 0.09549166 0.121628 0.09926626 0.09946498 0.09613872 0.09691635 0.08737175 0.09078556 0.09464274 0.09230197 0.08694722 0.07153755 0.07844988 0.07334299 0.07170293 0.07746494 0.0813121 0.07278419 0.06531419 0.07080703 0.07922477 0.07251517 0.07131439 0.07409249 0.06564461 0.06836579 0.07305415 0.0685244 0.08161427 0.08082549 0.0788639 0.08958865 0.09484817
-9999 -9999 -9999 -9999 -9999 -9999 -9999 -9999 -9999 0.1206034 0 0 0.08936784 0.1143542 0.1221208 0.125556 0.1282012 0.09238917 0.1390247 0.119342 0.08618434 0.09205236 0.1164844 0.1167174 0.1014063 0.09136413 0.08510401 0.1038892 0.09244718 0.102921 0.1075044 0.09556649 0.1074787 0.1049351 0.09292219 0.09766255 0.1021585 0.0922389 0.08070186 0.06135153 0.05458628 0.07630701 0.07621469 0.07115157 0.0776058 0.08007891 0.07939026 0.07941487 0.07841873 0.06735846 0.07301775 0.07317859 0.07498688 0.07013953 0.06966113 0.07436635 0.08025075 0.093536 0.0793083 0.07549584 0.09397894 0.1061856
-9999 -9999 -9999 -9999 -9999 -9999 -9999 -9999 -9999 0 0 0.09162641 0.09959579 0.1385459 0.1377126 0.1235147 0.1078909 0.09493553 0.144714 0.1259877 0.1334405 0.0905611 0.1042573 0.1082712 0.09905311 0.1037126 0.1034266 0.08867532 0.08583154 0.1047954 0.1084382 0.0921571 0.09852399 0.1042677 0.1005852 0.1006961 0.09683082 0.09581725 0.0721998 0.07344484 0.08176892 0.0808206 0.06727976 0.0689054 0.07650861 0.06936672 0.07851132 0.07735796 0.08015862 0.07394381 0.06505839 0.06831686 0.07333165 0.06756215 0.06726497 0.06875526 0.07461279 0.08527029 0.08509618 0.09291156 0.08585769 0.09719235
-9999 -9999 -9999 -9999 -9999 -9999 -9999 -9999 -9999 0 0 0.07821161 0.1133663 0.1295653 0.1242596 0.1035968 0.1006077 0.1038956 0.1525196 0.1349883 0.1253345 0.09058808 0.102662 0.1095268 0.127564 0.1168987 0.1160552 0.103189 0.10075 0.09885109 0.09248579 0.09192858 0.1001325 0.09594977 0.1051333 0.08819539 0.08844653 0.09174541 0.08441928 0.0952723 0.08803134 0.07372074 0.0716439 0.08223927 0.07941432 0.06961983 0.07169966 0.0782112 0.07907579 0.06190455 0.06249777 0.06882207 0.0685218 0.06538897 0.06235842 0.07207516 0.08047616 0.08071015 0.09346745 0.09906559 0.09800006 0.09619054
