GIS/uga_init_pop.asc
ncols         121
nrows         127
xllcorner     118236.49319105
yllcorner     -163800.7987251
cellsize      5000
NODATA_value  -9999
[rows 37 to 73 of 127, columns 0 to 83 of 121]
-9999 -9999 -9999 -9999 -9999 -9999 -9999 -9999 -9999 -9999 -9999 -9999 -9999 -9999 -9999 -9999 -9999 -9999 -9999 -9999 -9999 -9999 -9999 -9999 -9999 -9999 1856 2977 2675 3637 3603 1054 1313 1701 1825 660 1358 1911 1199 1245 2440 3302 310 190 143 154 167 155 184 299 578 538 2424 2748 1063 434 467 613 967 996 1036 1932 2508 2076 1455 1461 1571 2361 2080 2443 3142 3528 3078 3469 2261 1129 909 944 1603 1275 1074 778 916 655
-9999 -9999 -9999 -9999 -9999 -9999 -9999 -9999 -9999 -9999 -9999 -9999 -9999 -9999 -9999 -9999 -9999 -9999 -9999 -9999 -9999 -9999 -9999 -9999 -9999 -9999 -9999 3287 3686 5480 3660 1524 1362 3475 4158 1745 2459 1156 680 695 808 3737 1319 266 211 193 181 120 139 216 1169 1100 1708 1374 760 328 427 398 634 881 964 1304 2342 2464 2434 2663 1630 1689 2205 3986 3703 3494 3301 2709 2753 2419 2981 2408 923 750 739 875 1666 874
-9999 -9999 -9999 -9999 -9999 -9999 -9999 -9999 -9999 -9999 -9999 -9999 -9999 -9999 -9999 -9999 -9999 -9999 -9999 -9999 -9999 -9999 -9999 -9999 -9999 -9999 2342 3208 3791 3054 3975 2739 2114 11428 7164 3565 3059 1234 1628 1903 960 2040 11867 5158 545 227 325 127 121 171 228 539 1033 578 318 246 291 433 552 1041 1329 1747 5445 1738 1862 3206 2589 2838 2527 3053 3473 3040 3214 2569 4246 3110 1928 2381 1338 1054 1470 994 1215 990
-9999 -9999 -9999 -9999 -9999 -9999 -9999 -9999 -9999 -9999 -9999 -9999 -9999 -9999 -9999 -9999 -9999 -9999 -9999 -9999 -9999 -9999 -9999 -9999 -9999 -9999 -9999 -9999 3100 3873 5394 19418 4302 3054 3909 3515 4820 1402 929 728 1070 2707 2342 1056 464 277 261 226 244 189 138 149 148 174 271 265 405 376 542 1633 1922 2212 4167 1936 1840 1969 2261 4343 3205 2226 2786 4416 3865 3231 3218 3818 2401 2352 2012 1502 1099 1579 1566 846
-9999 -9999 -9999 -9999 -9999 -9999 -9999 -9999 -9999 -9999 -9999 -9999 -9999 -9999 -9999 -9999 -9999 -9999 -9999 -9999 -9999 -9999 -9999 -9999 -9999 -9999 -9999 -9999 1318 4316 -9999 -9999 3850 3559 4308 3804 3646 1422 1260 1021 889 3181 1101 411 318 478 427 555 269 127 170 156 210 223 337 422 497 321 460 1897 2095 1702 2113 1456 3375 3964 2883 2307 2645 3278 4387 3297 3240 3420 4387 3240 2913 2515 2092 1586 1371 2118 659 731
-9999 -9999 -9999 -9999 -9999 -9999 -9999 -9999 -9999 -9999 -9999 -9999 -9999 -9999 -9999 -9999 -9999 -9999 -9999 -9999 -9999 -9999 -9999 -9999 -9999 -9999 -9999 -9999 -9999 1843 -9999 -9999 -9999 3318 7512 4304 4891 1717 711 1129 1548 816 315 412 449 596 568 264 185 196 267 274 384 462 454 471 653 355 329 1096 2326 1875 2126 1439 2649 2582 2045 1939 2407 4462 2605 2462 2946 3465 4865 4187 3308 2278 1719 1536 1841 1668 745 522
-9999 -9999 -9999 -9999 -9999 -9999 -9999 -9999 -9999 -9999 -9999 -9999 -9999 -9999 -9999 -9999 -9999 -9999 -9999 -9999 -9999 -9999 -9999 -9999 -9999 -9999 -9999 -9999 -9999 -9999 -9999 -9999 -9999 -9999 5169 4032 7772 2490 1326 1152 114 193 197 333 1411 521 369 385 237 234 297 529 580 395 371 412 456 468 464 1228 2327 2436 2263 2147 1837 2269 2506 2778 2501 4280 4319 2979 3620 4961 7061 4019 2588 2800 2074 2285 3431 1890 1428 923
-9999 -9999 -9999 -9999 -9999 -9999 -9999 -9999 -9999 -9999 -9999 -9999 -9999 -9999 -9999 -9999 -9999 -9999 -9999 -9999 -9999 -9999 -9999 -9999 -9999 -9999 -9999 -9999 -9999 -9999 -9999 -9999 -9999 -9999 -9999 -9999 -9999 4018 5698 461 573 277 339 842 1134 302 370 364 231 261 408 902 648 380 405 459 792 1837 737 5044 5058 8332 2614 1582 2360 4073 3369 2001 2474 2543 2942 3094 4583 33317 25668 3592 2666 2870 2944 2400 3636 2891 2175 1376
-9999 -9999 -9999 -9999 -9999 -9999 -9999 -9999 -9999 -9999 -9999 -9999 -9999 -9999 -9999 -9999 -9999 -9999 -9999 -9999 -9999 -9999 -9999 -9999 -9999 -9999 -9999 -9999 -9999 -9999 -9999 -9999 -9999 -9999 -9999 -9999 -9999 2286 2649 -9999 1928 1199 1441 2492 528 313 315 271 213 264 377 546 354 286 320 310 538 936 828 2178 2063 3361 2724 2135 2025 2298 2119 4045 2903 2961 3410 3064 3296 8832 10344 3021 2663 2603 2353 2130 2101 2139 2419 1576
-9999 -9999 -9999 -9999 -9999 -9999 -9999 -9999 -9999 -9999 -9999 -9999 -9999 -9999 -9999 -9999 -9999 -9999 -9999 -9999 -9999 -9999 -9999 -9999 -9999 -9999 -9999 -9999 -9999 -9999 -9999 -9999 -9999 -9999 -9999 -9999 -9999 -9999 -9999 -9999 3467 2043 2435 2013 357 264 289 657 269 348 363 748 328 293 273 321 410 456 1128 2319 1618 1268 1210 1437 1640 1864 1823 2400 2879 3191 2749 2618 3494 3211 4735 3051 2773 2191 1787 1863 2174 3486 2649 2326
-9999 -9999 -9999 -9999 -9999 -9999 -9999 -9999 -9999 -9999 -9999 -9999 -9999 -9999 -9999 -9999 -9999 -9999 -9999 -9999 -9999 -9999 -9999 -9999 -9999 -9999 -9999 -9999 -9999 -9999 -9999 -9999 -9999 -9999 -9999 -9999 -9999 -9999 -9999 -9999 1282 3590 893 870 200 163 202 242 177 241 230 323 296 278 277 322 451 556 2648 1549 1782 1586 1120 1474 1841 2833 1978 1728 3144 2271 2038 2096 2662 2654 3669 2826 3115 2278 2118 1818 2142 3660 3981 3309
-9999 -9999 -9999 -9999 -9999 -9999 -9999 -9999 -9999 -9999 -9999 -9999 -9999 -9999 -9999 -9999 -9999 -9999 -9999 -9999 -9999 -9999 -9999 -9999 -9999 -9999 -9999 -9999 -9999 -9999 -9999 -9999 -9999 -9999 -9999 -9999 -9999 -9999 -9999 -9999 275 1512 720 1039 310 146 140 183 203 205 216 267 276 285 358 359 442 619 1626 1278 1348 1221 2000 1456 1667 3115 1794 1929 3094 2649 2403 2130 2072 1972 1750 2477 1938 2371 2018 2050 2498 2658 3115 3007
-9999 -9999 -9999 -9999 -9999 -9999 -9999 -9999 -9999 -9999 -9999 -9999 -9999 -9999 -9999 -9999 -9999 -9999 -9999 -9999 -9999 -9999 -9999 -9999 -9999 -9999 -9999 -9999 -9999 -9999 -9999 -9999 -9999 -9999 -9999 -9999 -9999 -9999 -9999 -9999 29 1002 854 809 321 171 181 362 274 191 206 238 260 293 332 505 1107 1097 1304 1133 831 1080 1699 1368 1857 3824 2958 1875 1716 2996 4092 2208 3352 2074 1381 1806 1520 1332 2177 2457 3118 2708 2716 2455
-9999 -9999 -9999 -9999 -9999 -9999 -9999 -9999 -9999 -9999 -9999 -9999 -9999 -9999 -9999 -9999 -9999 -9999 -9999 -9999 -9999 -9999 -9999 -9999 -9999 -9999 -9999 -9999 -9999 -9999 -9999 -9999 -9999 -9999 -9999 -9999 -9999 -9999 -9999 -9999 46 643 496 314 292 246 200 450 317 264 244 232 257 236 281 769 2133 5761 1739 798 629 998 1890 1090 1956 5526 4665 2156 1756 3762 3271 2088 2872 1722 1907 3229 3138 1854 2226 2505 2774 2761 4390 3269
-9999 -9999 -9999 -9999 -9999 -9999 -9999 -9999 -9999 -9999 -9999 -9999 -9999 -9999 -9999 -9999 -9999 -9999 -9999 -9999 -9999 -9999 -9999 -9999 -9999 -9999 -9999 -9999 -9999 -9999 -9999 -9999 -9999 -9999 -9999 -9999 -9999 -9999 -9999 -9999 17 1520 697 350 264 176 257 456 411 510 361 412 559 488 520 1102 4915 10362 3716 760 537 712 1315 2399 1618 1958 1389 1525 2098 2937 2659 2324 2205 2087 2462 2514 695 2030 2568 3457 4408 2257 3546 4287
-9999 -9999 -9999 -9999 -9999 -9999 -9999 -9999 -9999 -9999 -9999 -9999 -9999 -9999 -9999 -9999 -9999 -9999 -9999 -9999 -9999 -9999 -9999 -9999 -9999 -9999 -9999 -9999 -9999 -9999 -9999 -9999 -9999 -9999 -9999 -9999 -9999 -9999 -9999 -9999 1351 2568 1552 510 176 152 286 607 906 1890 1057 1269 1907 1630 1378 4258 1144 951 847 368 401 741 1711 1201 1533 1511 1836 1299 1596 2469 2549 2161 2164 2559 2320 525 2137 3379 2983 2416 3002 2476 3192 2747
-9999 -9999 -9999 -9999 -9999 -9999 -9999 -9999 -9999 -9999 -9999 -9999 -9999 -9999 -9999 -9999 -9999 -9999 -9999 -9999 -9999 -9999 -9999 -9999 -9999 -9999 -9999 -9999 -9999 -9999 -9999 -9999 -9999 -9999 -9999 -9999 -9999 -9999 87 220 2636 990 486 253 194 162 514 1337 1259 1981 1690 2365 2619 2311 2493 1740 1029 392 279 357 530 2005 1532 713 910 1527 1142 923 1129 1432 1975 502 293 1026 962 694 3027 2636 3289 2767 2776 2200 2238 2652
-9999 -9999 -9999 -9999 -9999 -9999 -9999 -9999 -9999 -9999 -9999 -9999 -9999 -9999 -9999 -9999 -9999 -9999 -9999 -9999 -9999 -9999 -9999 -9999 -9999 -9999 -9999 -9999 -9999 -9999 -9999 -9999 -9999 -9999 -9999 -9999 -9999 -9999 318 4481 3303 949 391 317 314 235 757 2968 1596 1672 1840 4061 3369 4166 9380 1708 624 444 489 602 1276 939 1039 561 729 698 734 813 1278 655 688 144 1836 609 422 455 1184 2387 2424 2919 2512 1931 1985 2668
-9999 -9999 -9999 -9999 -9999 -9999 -9999 -9999 -9999 -9999 -9999 -9999 -9999 -9999 -9999 -9999 -9999 -9999 -9999 -9999 -9999 -9999 -9999 -9999 -9999 -9999 -9999 -9999 -9999 -9999 -9999 -9999 -9999 -9999 -9999 -9999 -9999 -9999 395 1881 3883 3445 1187 548 377 295 1207 3695 2074 2121 1424 1532 1064 1319 1146 1288 823 933 1042 702 486 427 1182 760 824 893 800 1019 1096 85 20 669 2668 2538 2047 1307 1697 2983 1983 4268 2690 2752 1783 1853
-9999 -9999 -9999 -9999 -9999 -9999 -9999 -9999 -9999 -9999 -9999 -9999 -9999 -9999 -9999 -9999 -9999 -9999 -9999 -9999 -9999 -9999 -9999 -9999 -9999 -9999 -9999 -9999 -9999 -9999 -9999 -9999 -9999 -9999 -9999 -9999 -9999 33 1303 2692 3389 1762 1880 846 593 629 1814 12394 4703 1252 1406 801 401 227 1005 1071 1649 1454 674 567 469 592 1128 676 538 721 818 1276 32 100 1705 2806 2836 3057 2783 2235 2774 2680 2993 2360 1550 1585 1516 1949
-9999 -9999 -9999 -9999 -9999 -9999 -9999 -9999 -9999 -9999 -9999 -9999 -9999 -9999 -9999 -9999 -9999 -9999 -9999 -9999 -9999 -9999 -9999 -9999 -9999 -9999 -9999 -9999 -9999 -9999 -9999 -9999 -9999 -9999 -9999 -9999 86 1820 2797 3140 951 717 1221 2279 2224 3559 3823 11744 7745 2074 720 495 205 215 478 302 330 278 201 370 631 1722 912 202 1 254 243 40 440 2243 3014 2321 2610 2926 2630 2593 3323 2235 1079 1483 748 452 914 287
-9999 -9999 -9999 -9999 -9999 -9999 -9999 -9999 -9999 -9999 -9999 -9999 -9999 -9999 -9999 -9999 -9999 -9999 -9999 -9999 -9999 -9999 -9999 -9999 -9999 -9999 -9999 -9999 -9999 -9999 -9999 -9999 -9999 -9999 -9999 290 1934 3027 8466 4777 1403 1792 1134 1098 1263 2523 2401 2066 1102 1113 683 468 262 151 314 335 438 464 301 318 592 566 147 290 53 -9999 27 303 1343 2052 2282 1844 2974 2477 1929 1879 1812 1463 407 412 74 255 1285 1792
-9999 -9999 -9999 -9999 -9999 -9999 -9999 -9999 -9999 -9999 -9999 -9999 -9999 -9999 -9999 -9999 -9999 -9999 -9999 -9999 -9999 -9999 -9999 -9999 -9999 -9999 -9999 -9999 -9999 -9999 -9999 -9999 244 1024 2608 2357 3206 3967 3552 3155 1934 2109 1168 809 811 2041 1684 905 347 370 236 223 269 357 788 625 424 153 182 153 251 715 442 122 4 -9999 466 1295 1476 2096 1322 430 1411 1551 1269 801 1237 177 -9999 45 1052 1866 1692 2485
-9999 -9999 -9999 -9999 -9999 -9999 -9999 -9999 -9999 -9999 -9999 -9999 -9999 -9999 -9999 -9999 -9999 -9999 -9999 -9999 -9999 -9999 -9999 -9999 -9999 -9999 -9999 -9999 -9999 -9999 1566 2203 477 906 2652 2150 1821 2805 2315 3132 2734 1707 1708 2472 2007 1569 1130 779 335 154 103 81 112 161 669 1409 1133 225 325 148 184 585 2216 2113 1935 507 32 1596 1780 3001 489 347 199 -9999 -9999 2 184 -9999 269 1782 3304 3722 2527 2285
-9999 -9999 -9999 -9999 -9999 -9999 -9999 -9999 -9999 -9999 -9999 -9999 -9999 -9999 -9999 -9999 -9999 -9999 -9999 -9999 -9999 -9999 -9999 -9999 -9999 -9999 -9999 -9999 -9999 -9999 1112 1123 907 1035 916 2352 1424 2287 2788 4813 2448 2946 3351 2228 1634 1435 1412 631 400 339 128 85 127 284 206 249 503 254 345 404 591 215 1348 1312 1497 2455 10 1051 593 442 -9999 -9999 -9999 -9999 -9999 -9999 -9999 32 1415 3208 1963 1231 1743 2573
-9999 -9999 -9999 -9999 -9999 -9999 -9999 -9999 -9999 -9999 -9999 -9999 -9999 -9999 -9999 -9999 -9999 -9999 -9999 -9999 -9999 -9999 -9999 -9999 -9999 -9999 -9999 -9999 2 525 1910 1582 2475 1227 857 2100 2490 2992 3457 28710 7694 2979 3251 1795 1714 1209 850 377 241 244 159 113 137 218 173 152 270 584 572 880 589 183 263 486 988 1726 570 -9999 -9999 -9999 64 71 -9999 3020 1659 75 -9999 -9999 -9999 277 1225 1928 1874 1786
-9999 -9999 -9999 -9999 -9999 -9999 -9999 -9999 -9999 -9999 -9999 -9999 -9999 -9999 -9999 -9999 -9999 -9999 -9999 -9999 -9999 -9999 -9999 -9999 -9999 -9999 -9999 -9999 924 1446 1191 3523 997 765 2194 2082 1815 2997 2852 4187 3774 2186 1541 1092 993 807 528 205 148 220 172 113 129 225 159 139 223 249 334 1527 1027 460 441 348 1951 3483 1572 323 304 26 938 1204 1114 3257 4269 2132 667 31 -9999 143 624 1168 997 899
-9999 -9999 -9999 -9999 -9999 -9999 -9999 -9999 -9999 -9999 -9999 -9999 -9999 -9999 -9999 -9999 -9999 -9999 -9999 -9999 -9999 -9999 -9999 -9999 -9999 -9999 -9999 169 2467 1977 1184 1289 631 611 1569 2366 3640 3195 4205 2930 2457 2259 1766 819 558 418 350 208 156 130 178 217 205 396 234 135 125 111 131 284 211 402 752 1004 1395 1208 267 867 3439 1450 611 1161 1909 1057 3036 4993 6158 2353 655 -9999 -9999 -9999 -9999 277
-9999 -9999 -9999 -9999 -9999 -9999 -9999 -9999 -9999 -9999 -9999 -9999 -9999 -9999 -9999 -9999 -9999 -9999 -9999 -9999 -9999 -9999 -9999 -9999 -9999 -9999 152 1604 2048 2462 1039 741 537 679 1517 3575 2342 1996 1786 1895 1819 2250 1853 1049 740 350 381 365 152 167 239 228 217 256 157 148 133 280 139 174 117 171 276 1289 3966 466 578 1478 2104 949 1001 552 913 1039 1592 2955 4138 3664 2091 1440 2697 656 867 2627
-9999 -9999 -9999 -9999 -9999 -9999 -9999 -9999 -9999 -9999 -9999 -9999 -9999 -9999 -9999 -9999 -9999 -9999 -9999 -9999 -9999 -9999 -9999 -9999 -9999 73 1429 3646 2753 2420 1783 807 707 1493 1200 1307 1565 1667 1224 1273 2725 2446 1717 1413 916 328 279 243 158 182 223 134 87 169 146 129 113 371 308 378 138 142 213 511 1876 311 303 394 869 1068 846 524 1280 1757 853 1125 3687 3154 2339 5676 4741 1111 2952 5962
-9999 -9999 -9999 -9999 -9999 -9999 -9999 -9999 -9999 -9999 -9999 -9999 -9999 -9999 -9999 -9999 -9999 -9999 -9999 -9999 -9999 -9999 -9999 -9999 -9999 702 2660 4243 2816 3687 1923 812 1264 1244 1206 1693 1515 1757 1685 2337 4084 4098 1679 1555 1596 438 275 548 459 903 596 144 133 333 794 244 152 189 241 1048 228 133 328 337 727 339 189 207 593 627 1277 588 772 1336 939 1032 808 1490 1845 3717 2867 3603 2535 5055
-9999 -9999 -9999 -9999 -9999 -9999 -9999 -9999 -9999 -9999 -9999 -9999 -9999 -9999 -9999 -9999 -9999 226 275 700 428 -9999 -9999 -9999 10 1248 4622 2491 1234 1599 862 952 1394 1181 1550 2900 3389 3423 4048 2955 2975 2349 1848 1848 3207 787 336 319 266 281 255 163 111 278 2396 245 100 97 188 322 405 189 579 456 2598 562 237 232 725 638 657 481 639 565 502 1073 1651 2006 2003 2040 2574 2872 3740 4178
-9999 -9999 -9999 -9999 -9999 -9999 -9999 -9999 -9999 -9999 -9999 -9999 -9999 -9999 -9999 1302 520 253 501 611 1023 -9999 -9999 42 1146 1652 4299 2432 3421 3056 1748 3765 2052 1573 2219 2537 3517 3344 3892 4308 4364 2926 2149 1937 1525 1812 775 254 166 139 133 181 111 139 255 126 76 76 94 122 338 427 547 345 948 504 540 330 601 516 765 581 388 1634 820 1607 1823 1922 2988 1583 2565 3606 5797 3921
-9999 -9999 -9999 -9999 -9999 -9999 -9999 -9999 -9999 -9999 -9999 -9999 -9999 -9999 -9999 688 488 61 234 243 1337 937 -9999 1233 5166 3614 3259 4964 4158 4374 4920 3524 2751 3338 2951 4196 3225 1883 2304 3454 4023 3828 2523 2675 1991 2118 3485 562 194 177 138 141 158 103 126 96 80 65 78 83 93 126 340 509 2513 589 456 466 777 535 663 424 549 1255 863 1304 2386 1727 2359 2308 3589 4562 3987 4147
-9999 -9999 -9999 -9999 -9999 -9999 -9999 -9999 -9999 -9999 -9999 -9999 -9999 -9999 -9999 1659 118 68 40 59 473 4646 1904 3137 5129 4702 4963 4290 4535 3858 2817 2397 2624 4440 3202 3882 3453 2532 2538 3988 3349 3268 2821 1292 1577 1700 2256 1652 750 461 265 204 205 193 109 146 228 107 103 89 83 142 299 492 1920 689 551 489 792 1079 898 785 1113 1095 1438 3195 3405 2951 4685 3389 4183 4419 4577 3601
-9999 -9999 -9999 -9999 -9999 -9999 -9999 -9999 -9999 -9999 -9999 -9999 -9999 -9999 118 129 363 58 46 70 161 1710 4966 4698 4579 4056 4242 4735 4601 4029 2468 3032 2628 3416 3266 4479 3446 3234 2725 2792 2238 2142 2199 1495 2538 2721 1828 1700 2119 820 315 220 204 542 141 186 346 147 130 118 163 394 786 547 1966 972 693 975 886 842 990 844 1637 2150 4015 1848 2498 2786 3770 5131 3766 3965 3719 4153
-9999 -9999 -9999 -9999 -9999 -9999 -9999 -9999 -9999 -9999 -9999 -9999 -9999 -9999 700 269 91 69 65 79 376 1471 3925 4990 4935 4693 7090 10971 3848 4682 2823 2278 1570 2134 2885 5542 3142 2514 2226 1791 1792 2075 2585 2716 3954 4217 2564 2342 6999 2544 565 418 307 1002 231 95 151 473 270 155 189 356 521 667 2324 1360 1505 1139 1136 1327 1163 711 1424 4486 2728 1894 2735 4274 7994 15311 4528 4313 7466 3051
