GIS/uga_pfpr2to10.asc
ncols         121
nrows         127
xllcorner     118236.49319105
yllcorner     -163800.7987251
cellsize      5000
NODATA_value  -9999
[rows 84 to 111 of 127, columns 0 to 61 of 121]
-9999 -9999 -9999 -9999 -9999 -9999 -9999 -9999 0 0 0 0.08405131 0.1061311 0.1154232 0.110498 0.1092841 0.1013601 0.1377284 0.1110189 0.09833007 0.1017349 0.08864755 0.09174906 0.102304 0.1282382 0.1133535 0.1168148 0.1060319 0.1156931 0.1126377 0.08983927 0.0922256 0.1077967 0.09801517 0.08261662 0.1002326 0.0932572 0.09205373 0.08403846 0.08522607 0.08385197 0.08307029 0.07621946 0.07924746 0.07726456 0.08023904 0.06846438 0.07588843 0.08202288 0.07802016 0.05981722 0.06445809 0.05882152 0.06536777 0.06733993 0.07542084 0.07668944 0.0822547 0.09253109 0.07832319 0.09198951 0.09549676
-9999 -9999 -9999 -9999 -9999 -9999 -9999 0 0 0 0.09841812 0.09160287 0.1092782 0.1072863 0.1194924 0.1184172 0.1076458 0.1748323 0.09872011 0.09817962 0.1056051 0.09920127 0.1068135 0.1069329 0.1074419 0.1104116 0.1115496 0.1116403 0.1166287 0.09826367 0.09348424 0.1091838 0.110698 0.09520417 0.091715 0.1014336 0.09046923 0.1008029 0.09420829 0.08082362 0.09286306 0.0810823 0.08879189 0.09481472 0.08301679 0.07186655 0.07547365 0.08813494 0.08112442 0.06680415 0.05675242 0.05535319 0.06428546 0.06099817 0.0513061 0.0501938 0.07348929 0.07879054 0.0864943 0.08996376 0.07682778 0.08657756
-9999 -9999 -9999 -9999 -9999 -9999 -9999 0 0 0 0.1016014 0.1212758 0.1145413 0.1010277 0.1115057 0.1039872 0.1142834 0.1526015 0.09258899 0.1162456 0.1232339 0.1024507 0.09891503 0.123009 0.124643 0.1170922 0.1245407 0.1202487 0.1189005 0.1157592 0.1107752 0.115859 0.1238664 0.1151992 0.09727378 0.08002062 0.09609643 0.09915145 0.08851042 0.1020741 0.09475084 0.08952425 0.09849786 0.08760776 0.07745085 0.07600076 0.07637403 0.08632483 0.07800593 0.05332314 0.05822098 0.07738103 0.08801199 0.07781631 0.05329495 0.07324306 0.07235231 0.08088583 0.08469018 0.08762643 0.08464663 0.0872926
-9999 -9999 -9999 -9999 -9999 -9999 -9999 0 0 0 0.1086504 0.1322856 0.1057957 0.1204135 0.1205842 0.1093477 0.1300618 0.1968536 0.09624252 0.1019855 0.1273036 0.1259485 0.1091781 0.1318004 0.1453146 0.1286535 0.1204134 0.1091609 0.1052807 0.1152723 0.1080207 0.1166394 0.1174355 0.1119342 0.08509035 0.09314455 0.08387113 0.09397934 0.09083218 0.09134299 0.08062864 0.07989067 0.07840443 0.07643534 0.08704907 0.07511353 0.07598081 0.07793333 0.071461 0.05967433 0.07697191 0.07867589 0.06216744 0.04977947 0.06270442 0.06698181 0.07042857 0.08326724 0.08981483 0.09567719 0.07901303 0.09790935
-9999 -9999 -9999 -9999 -9999 -9999 0 0 0 0 0.1123043 0.1144796 0.11234 0.1265617 0.1047802 0.1285245 0.1344851 0.1554923 0.1030491 0.1082326 0.116384 0.1301634 0.1230774 0.119611 0.111236 0.1087486 0.105143 0.1345269 0.09931045 0.1168843 0.1301175 0.1267348 0.1244406 0.107094 0.1016615 0.09646254 0.08556499 0.1027363 0.09462805 0.08839554 0.08981866 0.0897441 0.09717613 0.0927112 0.08604405 0.08296379 0.08450948 0.07568099 0.07161822 0.07442421 0.06185025 0.05798791 0.06592771 0.07031604 0.0698069 0.07081726 0.07753377 0.08371093 0.08398596 0.07186043 0.07783826 0.08014265
-9999 -9999 -9999 -9999 -9999 -9999 0 0 0 0.1290986 0.1247921 0.1107015 0.118667 0.1471995 0.1194827 0.1545616 0.1565112 0.1124626 0.1027354 0.1311672 0.08706702 0.1154064 0.1248859 0.1070226 0.1020747 0.1333735 0.1277881 0.1010236 0.1075093 0.1152406 0.1233628 0.1316132 0.1205034 0.1140069 0.08938503 0.08053096 0.09526797 0.1021607 0.09069183 0.09095217 0.09365574 0.09519242 0.09707003 0.09236622 0.08756685 0.08606752 0.08362481 0.0778133 0.06861933 0.070627 0.08387878 0.07859182 0.06861489 0.06735458 0.07289351 0.0690726 0.07448349 0.07113225 0.07248762 0.07219873 0.07754504 0.06873543
-9999 -9999 -9999 -9999 -9999 -9999 0 0 0 0.1114318 0.1203826 0.1211983 0.1202159 0.1494008 0.1691412 0.199982 0.1385281 0.1186045 0.1455263 0.1357088 0.1099271 0.1245197 0.1359372 0.100735 0.09802463 0.09716155 0.0965062 0.1074222 0.1024853 0.09735603 0.1062981 0.1003177 0.09782937 0.08379411 0.08933585 0.09840174 0.09154465 0.08875196 0.08956015 0.09181494 0.08537677 0.08681855 0.09109797 0.09469141 0.0961877 0.09005296 0.08421202 0.06885876 0.06960423 0.07431903 0.07097132 0.06857523 0.06994587 0.06676757 0.06378612 0.06516243 0.06332517 0.06255847 0.06942985 0.08069839 0.08127619 0.08138481
-9999 -9999 -9999 -9999 0.1227065 0 0.1392174 0.1375476 0.1577916 0.1502203 0.1486889 0.1470054 0.1677146 0.1445501 0.1691749 0.152897 0.1263746 0.1581639 0.1566726 0.1261954 0.122735 0.117119 0.1318699 0.1205638 0.1334043 0.1317009 0.1343138 0.1354357 0.1200817 0.1241316 0.1167001 0.1172381 0.1141366 0.1048089 0.1034294 0.10098 0.1023867 0.09565138 0.1153274 0.09721375 0.08699436 0.0886076 0.09789816 0.07612838 0.0726175 0.07272786 0.08227654 0.07379894 0.07212028 0.08479679 0.07382684 0.07152323 0.06925839 0.07059265 0.06501599 0.06007104 0.06925353 0.06713313 0.07094833 0.09148117 0.09079959 0.08446597
-9999 -9999 -9999 0.163953 0.1455117 0.1326063 0.1472761 0.1642323 0.1459053 0.1401947 0.1339014 0.1326311 0.14224 0.1641914 0.2003378 0.144604 0.1197608 0.1456265 0.14128 0.1309454 0.1255187 0.1457897 0.1287352 0.1482785 0.1343521 0.1328993 0.1223219 0.1149518 0.1249203 0.1122922 0.1250302 0.1221811 0.1168951 0.1163389 0.1161046 0.1105121 0.08700672 0.09978107 0.104311 0.10112 0.09461806 0.09795457 0.09623987 0.07783838 0.06958229 0.07086307 0.06961983 0.06293494 0.05919316 0.06902762 0.07184178 0.0790164 0.06814463 0.06457826 0.06396656 0.06307438 0.06901149 0.06720064 0.07284765 0.07227641 0.07690398 0.09063329
-9999 -9999 -9999 0.1907606 0.1917847 0.1528161 0.1461305 0.1484547 0.1554031 0.1441538 0.1396665 0.1325484 0.1488503 -9999 -9999 0.2024233 0.1295417 0.1585532 0.1463205 0.1425479 0.1466949 0.139896 0.1264701 0.123031 0.1336962 0.1300513 0.1267215 0.1271522 0.1236143 0.1055242 0.1105057 0.1016363 0.1219185 0.1123565 0.1121288 0.1190749 0.0939674 0.08955441 0.106337 0.1048737 0.09400478 0.09733821 0.08188515 0.08410034 0.0751141 0.06970613 0.06486728 0.07051423 0.0791892 0.05998683 0.06424552 0.05932464 0.06117087 0.0657416 0.06635885 0.06272089 0.07875431 0.07815494 0.08435077 0.09466092 0.09188767 0.1001873
-9999 -9999 -9999 -9999 0.1519541 0.142236 0.148147 0.1407734 0.161493 0.1404261 0.1455601 0.16204 0.121294 0.1578773 -9999 0.1505399 0.141925 0.1690241 0.1538479 0.1446485 0.1611591 0.160409 0.1414813 0.1359501 0.120193 0.1244002 0.1150764 0.1147538 0.1239283 0.1319057 0.1169716 0.1187711 0.11772 0.11325 0.1104892 0.1202088 0.10728 0.09218238 0.09965828 0.08502363 0.08256461 0.09031859 0.09975372 0.07620305 0.07671824 0.08738887 0.08221982 0.06273964 0.0803959 0.06109069 0.05624625 0.06188197 0.06336928 0.05657677 0.0525525 0.05481125 0.06211714 0.07787859 0.08863312 0.1034254 0.09173126 0.1084355
-9999 -9999 -9999 0.1532535 0.1390257 0.1288948 0.1219945 0.1421571 0.1603158 0.1443726 0.1660768 0.1566178 0.1268498 0.1519797 0.1716453 0.1338453 0.1666732 0.1852675 0.1559896 0.1474162 0.1517817 0.150505 0.1425355 0.1322053 0.1242776 0.1222233 0.1223799 0.1294565 0.1294824 0.1321719 0.1263046 0.1310539 0.1268099 0.1138266 0.1043885 0.1167967 0.1208705 0.1109276 0.105382 0.0974643 0.09126953 0.09850987 0.09780867 0.08258604 0.07530594 0.08610558 0.08420183 0.06610312 0.0685293 0.07224809 0.06534291 0.05982329 0.05969368 0.07602117 0.06122809 0.07828368 0.09773225 0.0838278 0.08604301 0.1106005 0 -9999
-9999 -9999 -9999 0 0.1675387 0.1235731 0.1259633 0.1295785 0.1601711 0.1578341 0.1397171 0.1561804 0.1533807 0.1360483 0.1467847 0.167894 0.1366983 0.147993 0.1459284 0.1486261 0.1146841 0.1373242 0.1332819 0.1205524 0.1289046 0.1381186 0.1279807 0.121509 0.1155185 0.1308064 0.1415615 0.118732 0.1271065 0.1214171 0.1140982 0.1075211 0.1184317 0.1085295 0.1045558 0.0899803 0.07853223 0.08546727 0.0875529 0.08397792 0.0808569 0.08770432 0.08630539 0.07077017 0.07483894 0.07269733 0.07457058 0.06172536 0.06547815 0.07537881 0.08168173 0.08240516 -9999 -9999 0 -9999 -9999 -9999
-9999 -9999 -9999 -9999 0.1779738 0.1494506 0.122268 0.1094273 0.1351534 0.144446 0.1589615 0.174679 0.1527129 0.1701428 0.1771317 0.1539303 0.1531258 0.1387372 0.114554 0.1491132 0.1088586 0.1220329 0.1281363 0.121701 0.1245802 0.1325776 0.140802 0.1195537 0.1057047 0.1365347 0.1307462 0.1195863 0.1240493 0.1151172 0.1054297 0.1188389 0.1250622 0.110428 0.09466194 0.08738249 0.09452362 0.09171096 0.09261602 0.09100302 0.0791041 0.08879516 0.08055466 0.06942044 0.08593781 0.06843228 0.06367933 0.06155371 0.07991613 -9999 -9999 -9999 -9999 -9999 -9999 0 0.09505869 -9999
-9999 -9999 -9999 -9999 -9999 0.2166625 0.2016148 0.1252036 0.1392941 0.1493946 0.2094583 0.1799299 0.1602998 0.1836752 0.1524134 0.1462797 0.1887997 0.1222176 0.1045478 0.1478943 0.1330741 0.1165356 0.1290907 0.133153 0.1423022 0.1245505 0.1353887 0.131892 0.1176377 0.129961 0.1262356 0.1251102 0.1283002 0.1202751 0.1155168 0.1048425 0.111481 0.09892809 0.08222166 0.0868077 0.09720878 0.09178142 0.09752785 0.09510337 0.07325616 0.08954898 0.0847984 0.07537849 0.08463986 0.08516526 0.08280823 0.07020536 0.09614204 0.08653577 -9999 -9999 -9999 -9999 -9999 0 0.1035322 0.1223406
-9999 -9999 -9999 -9999 -9999 -9999 0 0.1231874 0.1632282 0.1674562 0.1795328 0.1736449 0.1772568 0.1658594 0.1581874 0.2163096 0.2193886 0.1132461 0.08683077 0.1205154 0.09881494 0.07358862 0.1213004 0.1361316 0.1315734 0.1244096 0.1376067 0.1260735 0.1239936 0.1224529 0.1170702 0.1145193 0.1189435 0.1148229 0.104795 0.1140152 0.09487723 0.09959783 0.09125396 0.09571646 0.09752407 0.08589398 0.08517462 0.08216379 0.07472102 0.09038197 0.09260424 0.08778329 0.08031718 0.08572478 0.06999063 0.07126413 0.09246711 0.08256636 0 0.1160215 0.09933269 0.1020021 0.1107093 -9999 0 0.1421553
-9999 -9999 -9999 -9999 -9999 -9999 0 0.145733 0.1683888 0.1702343 0.175339 0.1908581 0.1828099 0.2095214 0.2191283 0.1935538 0.1395574 0.1367423 0.07792988 0.08776533 0.05638193 0.07412462 0.1258195 0.1274968 0.1215395 0.1129852 0.1267255 0.1342795 0.1152787 0.1176214 0.1256095 0.1212232 0.1181546 0.1190147 0.1179661 0.09686223 0.09050027 0.09697516 0.09522492 0.1036515 0.09663355 0.09892938 0.0879066 0.08424004 0.09636851 0.08946151 0.08794071 0.08217739 0.07853522 0.08935162 0.07184286 0.07412664 0.0860347 0.08550973 0.08028963 0.1174263 0.09033603 0.09454941 0.1180091 0 0 -9999
-9999 -9999 -9999 -9999 -9999 -9999 0.1795443 0.1714662 0.1923185 0.2155725 0.2061405 0.1719857 0.2031419 0.2454671 0.2323416 0.1528675 0.1525058 0.1330144 0.08637347 0.0666898 0.07875773 0.1111606 0.1219045 0.1270075 0.1251429 0.1252672 0.1225109 0.1128992 0.1080371 0.1249892 0.1156259 0.1208956 0.1319032 0.1139587 0.09991014 0.08945914 0.0949946 0.09633424 0.1111108 0.1086597 0.1070332 0.1053118 0.08818118 0.09194987 0.09659006 0.08428503 0.09119067 0.09638381 0.06758253 0.08420481 0.08348107 0.08671609 0.08631004 0.07745388 0.09503569 0.113007 0.1356102 0.09357253 0.1132463 0.1133004 0.1193115 0.126741
-9999 -9999 -9999 -9999 0 0.1992373 0.1474908 0.2074158 0.2347264 0.2347073 0.2247494 0.1722891 0.1733337 0.2060313 0.2254708 0.1465087 0.1472332 0.1423455 0.1111581 0.09174237 0.1018292 0.1070594 0.1207106 0.1352266 0.1262956 0.1226664 0.1160837 0.125398 0.1176655 0.1139451 0.1226357 0.1135224 0.1150309 0.1238791 0.1047663 0.09451619 0.08940478 0.09108242 0.08511405 0.09692225 0.09996574 0.1046279 0.1018337 0.08570524 0.07870559 0.08765008 0.103002 0.08808408 0.07102072 0.09095373 0.07275606 0.09633939 0.07714568 0.09412084 -9999 -9999 -9999 -9999 0.1450104 0.1477848 0.1162048 0.1371856
-9999 -9999 -9999 0.1355048 0.1259532 0.1582509 0.1567312 0.2171035 0.2431974 0.1805597 0.2474933 0.1605721 0.1978403 0.2085844 0.1726957 0.1654655 0.14178 0.1246426 0.1322279 0.1392983 0.1115019 0.1478909 0.1446356 0.1328495 0.1401055 0.1350944 0.1314056 0.1263885 0.1238716 0.1262152 0.1225364 0.1124791 0.115191 0.1283938 0.1255502 0.1051249 0.07967655 0.08029402 0.09852378 0.09719711 0.1014776 0.1145807 0.1012364 0.09808955 0.1030038 0.09259792 0.1016115 0.1018837 0.1031873 0.08721238 0.08581433 0.08815441 0.1097049 0 -9999 -9999 -9999 0 0.1118721 0.1030548 0.1110345 0.1519838
-9999 -9999 0.1101684 0.1223842 0.1337102 0.143745 0.1654698 0.2424383 0.1797428 0.1541865 0.1748492 0.1605776 0.1875812 0.173515 0.177348 0.1798344 0.1725077 0.1654803 0.1435248 0.1535161 0.1141967 0.137069 0.1249251 0.1194641 0.1298176 0.1303576 0.1346698 0.1250616 0.1178565 0.1196323 0.1297447 0.1103088 0.1225053 0.1239352 0.1332782 0.0958166 0.08797342 0.09146086 0.09059034 0.09410823 0.08994953 0.1084043 0.09970181 0.1090646 0.1103045 0.09972554 0.1143477 0.1060168 0.1096071 0.08899049 0.09875282 0.1195403 -9999 -9999 -9999 -9999 -9999 0.1711156 0.1332973 0.167011 0.1386658 0.156174
-9999 -9999 0.1141726 0.1221355 0.1392681 0.1387834 0.1666369 0.2406259 0.1493576 0.1563023 0.1734377 0.1917269 0.1883548 0.1921028 0.1897011 0.1928833 0.1686232 0.150546 0.1668589 0.144405 0.1225831 0.1366367 0.1489966 0.1300299 0.1128812 0.1200123 0.1263211 0.1113734 0.1177813 0.1132025 0.1172712 0.1089401 0.1115721 0.117413 0.1123445 0.09774932 0.1005441 0.09896764 0.1080097 0.09653205 0.1004975 0.09545894 0.103933 0.1200178 0.1176145 0.1010381 0.103738 0.1163464 0.1152508 0.08963171 0.1296433 -9999 -9999 -9999 -9999 -9999 -9999 0.1480949 0.1622216 0 0.1804889 0.1785209
-9999 -9999 0.1221401 0.1116568 0.1506081 0.1365063 0.183805 0.2061047 0.1521398 0.1816899 0.1812795 0.1743499 0.17567 0.1899557 0.1788027 0.1823435 0.1789322 0.1566984 0.1644721 0.1333597 0.1336759 0.1426483 0.1464027 0.1360063 0.118383 0.1035909 0.1015579 0.1066065 0.1077687 0.1004141 0.1148567 0.1279095 0.1162936 0.1078133 0.08824829 0.08537412 0.09631732 0.1016423 0.09809852 0.1029726 0.1102307 0.1005724 0.1205593 0.1223986 0.1182263 0.1185122 0.1175033 0.1228751 0.1100502 0.1137505 0 -9999 -9999 -9999 -9999 -9999 -9999 0 0.2195714 0.2289719 0.1884215 -9999
-9999 -9999 0.12594 0.1186603 0.1399886 0.1342151 0.1359563 0.1423946 0.1569422 0.1903727 0.1790722 0.1867241 0.1946444 0.1917711 0.1685835 0.1733044 0.1561682 0.1723821 0.165506 0.1609795 0.1457318 0.1406198 0.132626 0.100753 0.1072152 0.125675 0.1084643 0.1041823 0.1059448 0.1008223 0.09079038 0.1182347 0.1237722 0.1005981 0.09711277 0.07487009 0.07930861 0.08724984 0.1068172 0.09745264 0.1063251 0.1108924 0.1158548 0.1216124 0.116316 0.1013714 0.09627139 0.1156715 0.1192761 0 -9999 -9999 -9999 -9999 -9999 -9999 -9999 -9999 0.2392466 0 0.1729931 0
-9999 -9999 0.1155243 0.122087 0.1288052 0.1337415 0.1578069 0.1504869 0.1619782 0.1839218 0.1673094 0.1801427 0.173901 0.1842671 0.1783912 0.1628839 0.1610711 0.1692514 0.1609753 0.1431346 0.1386656 0.1434609 0.1264244 0.1349743 0.1189601 0.1286066 0.1119906 0.1095789 0.1031492 0.1004066 0.1020419 0.1140101 0.1099483 0.09306218 0.0875189 0.101332 0.08021005 0.08845769 0.09226614 0.08895529 0.1074177 0.1061096 0.1070598 0.1064547 0.101101 0.0976774 0.119633 0.09609969 0.09590124 0.1328975 -9999 -9999 -9999 -9999 -9999 -9999 -9999 -9999 -9999 -9999 0 0.2272173
-9999 0.1102343 0.1226484 0.1251239 0.1443939 0.1256218 0.1575209 0.1525972 0.1647908 0.1659811 0.1651474 0.1686802 0.1466061 0.1542675 0.1502855 0.1507121 0.138708 0.1381416 0.1352689 0.133783 0.128358 0.1181584 0.1090609 0.1240135 0.1241154 0.1243895 0.1233586 0.114569 0.1044732 0.1036159 0.1254438 0.106158 0.09460953 0.08798261 0.08037636 0.07878207 0.07975166 0.09448124 0.09943154 0.0951625 0.0948645 0.09637703 0.1208947 0.1177073 0.1122279 0.1172233 0.112116 0.1047156 0.09794739 0 -9999 -9999 -9999 -9999 -9999 -9999 -9999 -9999 0.2183659 -9999 -9999 0.2508812
-9999 0.1364012 0.1391781 0.1366317 0.1286705 0.1332954 0.149205 0.1531014 0.1494252 0.1588694 0.1656204 0.1611988 0.1535891 0.1309666 0.1123041 0.1201439 0.1245044 0.1274499 0.1182125 0.1160862 0.113712 0.1061199 0.08820386 0.1070978 0.1041182 0.1325665 0.1279728 0.1172698 0.1064264 0.09276401 0.1084627 0.1012607 0.09074246 0.09052275 0.09883353 0.08124265 0.09153825 0.07493927 0.09061794 0.09162184 0.09121601 0.09765891 0.103317 0.1079405 0.1067862 0.109762 0.1071933 0.1025491 0.1036729 -9999 -9999 -9999 -9999 -9999 -9999 -9999 -9999 -9999 -9999 -9999 0.1683589 0.2198115
-9999 0.1311547 0.1467575 0.133187 0.1239055 0.1298326 0.1461011 0.1527908 0.1306192 0.1347637 0.1474808 0.1530699 0.1829071 0.147398 0.1196351 0.1106623 0.1241224 0.1080856 0.1039592 0.1053432 0.1132597 0.1163545 0.1038236 0.09680364 0.1091155 0.1191456 0.1123034 0.1206239 0.08599544 0.121033 0.1021505 0.1061559 0.1184645 0.1029474 0.1062728 0.1066514 0.08642413 0.08485973 0.08199203 0.09181758 0.1032809 0.1020928 0.0990193 0.1116887 0.1180962 0.1095869 0.1001101 0.08449087 -9999 0 -9999 -9999 -9999 -9999 -9999 -9999 -9999 -9999 -9999 -9999 -9999 -9999
