GIS/uga_beta.asc
ncols         121
nrows         127
xllcorner     118236.49319105
yllcorner     -163800.7987251
cellsize      5000
NODATA_value  -9999
[rows 72 to 107 of 127, columns 0 to 80 of 121]
-9999 -9999 -9999 -9999 -9999 -9999 -9999 -9999 -9999 -9999 -9999 -9999 -9999 -9999 0.08 0.08 0.085 0.13 0.12 0.085 0.13 0.12 0.085 0.12 0.155 0.145 0.2 0.17 0.145 0.145 0.145 0.125 0.115 0.155 0.13 0.135 0.21 0.155 0.145 0.13 0.13 0.095 0.095 0.13 0.115 0.095 0.105 0.12 0.105 0.135 0.095 0.105 0.075 0.105 0.105 0.09 0.11 0.135 0.125 0.18 0.18 0.135 0.26 0.16 0.16 0.22 0.28 0.26 0.32 0.32 0.54 0.42 0.6 0.65 0.61 0.8 1.05 1.5 1.55 1.76 1.8
-9999 -9999 -9999 -9999 -9999 -9999 -9999 -9999 -9999 -9999 -9999 -9999 -9999 -9999 0.08 0.07 0.085 0.1 0.11 0.11 0.13 0.11 0.105 0.125 0.135 0.145 0.14 0.12 0.155 0.145 0.14 0.135 0.17 0.145 0.115 0.105 0.135 0.135 0.135 0.115 0.12 0.11 0.125 0.11 0.115 0.095 0.105 0.095 0.1 0.115 0.125 0.095 0.08 0.095 0.105 0.135 0.135 0.115 0.08 0.135 0.19 0.2 0.2 0.19 0.21 0.26 0.23 0.25 0.29 0.35 0.43 0.51 0.52 0.53 0.54 0.64 0.85 1.4 1.16 1.4 1.79
-9999 -9999 -9999 -9999 -9999 -9999 -9999 -9999 -9999 -9999 -9999 -9999 -9999 0.075 0.08 0.075 0.12 0.12 0.12 0.11 0.09 0.13 0.12 0.13 0.125 0.13 0.14 0.155 0.165 0.115 0.115 0.115 0.155 0.115 0.105 0.14 0.125 0.095 0.14 0.14 0.115 0.12 0.085 0.11 0.095 0.105 0.09 0.09 0.09 0.1 0.105 0.09 0.135 0.105 0.095 0.13 0.125 0.135 0.095 0.125 0.19 0.18 0.19 0.125 0.21 0.26 0.27 0.3 0.27 0.39 0.54 0.42 0.53 0.56 0.8 0.52 0.95 1 1.12 1.15 1.77
-9999 -9999 -9999 -9999 -9999 -9999 -9999 -9999 -9999 -9999 0.12 0.14 0.085 0.06 0.08 0.13 0.085 0.085 0.1 0.11 0.07 0.13 0.16 0.12 0.12 0.13 0.13 0.14 0.135 0.11 0.105 0.115 0.11 0.155 0.135 0.165 0.14 0.125 0.105 0.145 0.115 0.085 0.125 0.085 0.095 0.105 0.095 0.09 0.085 0.085 0.085 0.115 0.12 0.095 0.095 0.095 0.115 0.19 0.19 0.135 0.18 0.19 0.17 0.18 0.13 0.16 0.2 0.23 0.27 0.37 0.34 0.54 0.48 0.46 0.65 0.55 0.66 0.8 0.89 1.4 1.28
-9999 -9999 -9999 -9999 -9999 -9999 -9999 -9999 -9999 0.1 0.12 0.09 0.08 0.06 0.065 0.085 0.11 0.14 0.11 0.09 0.11 0.11 0.13 0.1 0.11 0.12 0.13 0.12 0.13 0.21 0.15 0.17 0.13 0.115 0.095 0.13 0.11 0.095 0.125 0.12 0.105 0.115 0.085 0.085 0.125 0.125 0.125 0.12 0.09 0.075 0.08 0.085 0.095 0.11 0.095 0.13 0.135 0.18 0.095 0.125 0.125 0.18 0.18 0.13 0.125 0.15 0.22 0.2 0.2 0.29 0.37 0.29 0.33 0.36 0.59 0.63 0.63 0.55 0.65 0.8 1.45
-9999 -9999 -9999 -9999 -9999 -9999 -9999 -9999 -9999 0.11 0.075 0.075 0.07 0.04 0.07 0.09 0.1 0.08 0.08 0.07 0.11 0.08 0.1 0.09 0.12 0.14 0.12 0.11 0.11 0.12 0.23 0.2 0.11 0.155 0.145 0.16 0.135 0.095 0.12 0.095 0.125 0.13 0.105 0.13 0.125 0.135 0.12 0.125 0.105 0.06 0.065 0.085 0.085 0.1 0.11 0.105 0.095 0.135 0.135 0.125 0.135 0.12 0.125 0.17 0.125 0.16 0.18 0.22 0.2 0.31 0.29 0.28 0.31 0.31 0.48 0.51 0.44 0.49 0.66 0.7 0.87
-9999 -9999 -9999 -9999 -9999 -9999 -9999 -9999 -9999 0.075 0.06 0.06 0.07 0.04 0.06 0.07 0.09 0.09 0.09 0.08 0.06 0.08 0.12 0.13 0.12 0.12 0.12 0.14 0.11 0.11 0.16 0.155 0.165 0.145 0.14 0.11 0.145 0.125 0.125 0.115 0.115 0.12 0.095 0.105 0.12 0.125 0.115 0.12 0.125 0.085 0.085 0.08 0.065 0.065 0.115 0.095 0.13 0.13 0.115 0.115 0.125 0.115 0.115 0.13 0.13 0.11 0.17 0.18 0.24 0.22 0.24 0.26 0.29 0.3 0.39 0.43 0.44 0.51 0.71 0.72 0.81
-9999 -9999 -9999 -9999 -9999 -9999 -9999 -9999 -9999 0.07 0.065 0 0.03 0.065 0.085 0.06 0.06 0.08 0.08 0.07 0.08 0.08 0.11 0.12 0.13 0.11 0.12 0.15 0.11 0.09 0.1 0.14 0.13 0.115 0.135 0.17 0.155 0.14 0.115 0.115 0.13 0.115 0.12 0.085 0.08 0.085 0.085 0.12 0.11 0.115 0.1 0.095 0.075 0.095 0.075 0.08 0.105 0.12 0.115 0.085 0.085 0.11 0.125 0.12 0.135 0.105 0.135 0.135 0.17 0.16 0.16 0.22 0.24 0.22 0.38 0.44 0.5 0.48 0.63 0.51 0.7
-9999 -9999 -9999 -9999 -9999 -9999 -9999 -9999 -9999 0.075 0.09 0 0.05 0.07 0.09 0.09 0.09 0.08 0.11 0.07 0.06 0.11 0.09 0.1 0.1 0.09 0.09 0.11 0.11 0.11 0.12 0.1 0.11 0.12 0.11 0.12 0.15 0.14 0.13 0.115 0.125 0.115 0.115 0.11 0.13 0.13 0.115 0.095 0.115 0.115 0.11 0.085 0.09 0.08 0.105 0.065 0.08 0.08 0.08 0.075 0.065 0.07 0.085 0.115 0.095 0.085 0.09 0.115 0.11 0.135 0.125 0.21 0.18 0.26 0.29 0.3 0.33 0.32 0.36 0.53 0.48
-9999 -9999 -9999 -9999 -9999 -9999 -9999 -9999 -9999 0.055 0 0 0.05 0.07 0.085 0.11 0.1 0.08 0.16 0.13 0.08 0.08 0.12 0.14 0.12 0.11 0.08 0.11 0.09 0.1 0.11 0.11 0.14 0.12 0.11 0.11 0.14 0.12 0.13 0.12 0.09 0.105 0.125 0.115 0.14 0.125 0.115 0.115 0.115 0.095 0.095 0.08 0.095 0.085 0.08 0.075 0.085 0.085 0.07 0.075 0.095 0.085 0.085 0.095 0.115 0.07 0.08 0.105 0.11 0.115 0.16 0.17 0.17 0.21 0.24 0.26 0.27 0.27 0.36 0.42 0.4
-9999 -9999 -9999 -9999 -9999 -9999 -9999 -9999 -9999 0 0 0.04 0.06 0.08 0.09 0.11 0.1 0.065 0.17 0.17 0.18 0.11 0.14 0.14 0.11 0.11 0.11 0.11 0.1 0.1 0.12 0.1 0.11 0.12 0.12 0.13 0.14 0.14 0.105 0.15 0.15 0.105 0.085 0.09 0.13 0.105 0.13 0.11 0.105 0.115 0.08 0.085 0.085 0.075 0.085 0.08 0.08 0.085 0.075 0.075 0.07 0.075 0.07 0.065 0.07 0.07 0.085 0.085 0.085 0.115 0.125 0.12 0.13 0.18 0.26 0.32 0.27 0.27 0.32 0.36 0.42
-9999 -9999 -9999 -9999 -9999 -9999 -9999 -9999 -9999 0 0 0.05 0.07 0.075 0.085 0.09 0.08 0.07 0.13 0.16 0.16 0.12 0.13 0.14 0.12 0.11 0.15 0.16 0.15 0.12 0.13 0.11 0.13 0.12 0.13 0.135 0.18 0.17 0.15 0.21 0.17 0.13 0.095 0.13 0.105 0.105 0.105 0.115 0.11 0.085 0.08 0.085 0.085 0.085 0.075 0.085 0.085 0.075 0.085 0.085 0.075 0.075 0.065 0.065 0.065 0.055 0.065 0.065 0.07 0.1 0.11 0.12 0.135 0.16 0.2 0.26 0.2 0.27 0.28 0.31 0.34
-9999 -9999 -9999 -9999 -9999 -9999 -9999 -9999 0 0 0 0.05 0.06 0.065 0.075 0.08 0.09 0.12 0.075 0.085 0.085 0.11 0.13 0.11 0.12 0.14 0.16 0.17 0.19 0.2 0.16 0.14 0.16 0.14 0.14 0.24 0.16 0.17 0.17 0.18 0.16 0.19 0.12 0.115 0.13 0.13 0.125 0.1 0.115 0.095 0.09 0.075 0.075 0.065 0.08 0.08 0.085 0.085 0.085 0.07 0.07 0.07 0.06 0.055 0.06 0.05 0.06 0.06 0.07 0.095 0.115 0.11 0.14 0.16 0.125 0.21 0.28 0.31 0.23 0.23 0.3
-9999 -9999 -9999 -9999 -9999 -9999 -9999 0 0 0 0.04 0.05 0.06 0.055 0.07 0.08 0.09 0.16 0.07 0.08 0.1 0.1 0.11 0.13 0.13 0.14 0.15 0.18 0.21 0.14 0.14 0.21 0.21 0.18 0.21 0.22 0.17 0.18 0.16 0.16 0.22 0.16 0.125 0.135 0.115 0.115 0.125 0.125 0.13 0.105 0.075 0.065 0.065 0.065 0.06 0.06 0.085 0.07 0.08 0.085 0.08 0.07 0.05 0.05 0.05 0.05 0.04 0.055 0.06 0.07 0.08 0.09 0.13 0.13 0.13 0.14 0.19 0.19 0.22 0.27 0.27
-9999 -9999 -9999 -9999 -9999 -9999 -9999 0 0 0 0.06 0.06 0.06 0.055 0.07 0.09 0.12 0.16 0.06 0.09 0.11 0.12 0.11 0.14 0.15 0.14 0.16 0.19 0.21 0.19 0.2 0.22 0.28 0.23 0.18 0.18 0.16 0.21 0.18 0.22 0.21 0.2 0.18 0.19 0.13 0.095 0.115 0.13 0.11 0.105 0.075 0.095 0.095 0.105 0.065 0.085 0.08 0.075 0.085 0.075 0.06 0.06 0.065 0.055 0.05 0.04 0.03 0.035 0.04 0.06 0.07 0.08 0.11 0.135 0.11 0.14 0.18 0.23 0.27 0.28 0.24
-9999 -9999 -9999 -9999 -9999 -9999 -9999 0 0 0 0.04 0.06 0.04 0.065 0.07 0.07 0.12 0.21 0.07 0.08 0.11 0.1 0.11 0.14 0.18 0.16 0.17 0.17 0.17 0.17 0.19 0.23 0.26 0.24 0.22 0.22 0.21 0.22 0.2 0.16 0.18 0.18 0.17 0.17 0.13 0.12 0.135 0.13 0.11 0.085 0.08 0.08 0.065 0.065 0.08 0.075 0.08 0.085 0.08 0.095 0.08 0.07 0.045 0.055 0.05 0.04 0.035 0.035 0.04 0.06 0.105 0.09 0.105 0.13 0.125 0.17 0.19 0.27 0.27 0.19 0.24
-9999 -9999 -9999 -9999 -9999 -9999 0 0 0 0 0.04 0.05 0.055 0.07 0.06 0.08 0.12 0.13 0.075 0.08 0.11 0.11 0.11 0.11 0.13 0.14 0.13 0.16 0.17 0.19 0.22 0.22 0.18 0.28 0.28 0.24 0.16 0.21 0.21 0.19 0.16 0.16 0.16 0.16 0.2 0.13 0.13 0.115 0.135 0.095 0.07 0.075 0.095 0.085 0.075 0.06 0.07 0.075 0.075 0.065 0.06 0.055 0.05 0.045 0.04 0.04 0.03 0.03 0.05 0.07 0.08 0.095 0.11 0.14 0.17 0.18 0.22 0.18 0.18 0.17 0.32
-9999 -9999 -9999 -9999 -9999 -9999 0 0 0 0.04 0.05 0.045 0.06 0.07 0.055 0.085 0.075 0.065 0.08 0.09 0.06 0.09 0.11 0.11 0.11 0.18 0.17 0.16 0.16 0.17 0.21 0.2 0.21 0.23 0.28 0.18 0.21 0.17 0.22 0.22 0.16 0.19 0.16 0.19 0.13 0.17 0.12 0.105 0.115 0.07 0.09 0.07 0.07 0.08 0.07 0.075 0.07 0.075 0.055 0.08 0.08 0.045 0.06 0.055 0.055 0.045 0.04 0.04 0.065 0.075 0.065 0.085 0.105 0.115 0.135 0.125 0.19 0.22 0.23 0.17 0.28
-9999 -9999 -9999 -9999 -9999 -9999 0 0 0 0.035 0.045 0.05 0.06 0.07 0.085 0.085 0.065 0.07 0.1 0.075 0.07 0.09 0.11 0.11 0.11 0.12 0.12 0.15 0.18 0.15 0.185 0.215 0.17 0.16 0.19 0.21 0.19 0.26 0.16 0.16 0.19 0.19 0.16 0.16 0.14 0.15 0.13 0.105 0.1 0.09 0.085 0.075 0.075 0.085 0.07 0.08 0.05 0.06 0.06 0.065 0.08 0.08 0.065 0.065 0.055 0.045 0.045 0.045 0.075 0.065 0.105 0.095 0.105 0.105 0.13 0.135 0.125 0.17 0.17 0.28 0.26
-9999 -9999 -9999 -9999 0.04 0 0.04 0.05 0.06 0.06 0.06 0.06 0.075 0.085 0.085 0.085 0.065 0.1 0.1 0.08 0.09 0.09 0.13 0.13 0.12 0.14 0.15 0.15 0.15 0.14 0.18 0.18 0.215 0.16 0.16 0.21 0.22 0.16 0.26 0.28 0.16 0.19 0.19 0.2 0.115 0.105 0.17 0.12 0.125 0.11 0.1 0.09 0.08 0.07 0.065 0.06 0.08 0.07 0.065 0.07 0.09 0.09 0.06 0.055 0.045 0.06 0.06 0.105 0.09 0.085 0.085 0.12 0.44 0.125 0.19 0.125 0.125 0.18 0.18 0.16 0.27
-9999 -9999 -9999 0.055 0.055 0.04 0.045 0.06 0.06 0.055 0.055 0.035 0.055 0.08 0.075 0.065 0.07 0.08 0.08 0.08 0.08 0.1 0.11 0.15 0.14 0.15 0.14 0.12 0.12 0.12 0.21 0.195 0.215 0.17 0.19 0.16 0.115 0.16 0.19 0.16 0.16 0.22 0.22 0.19 0.13 0.12 0.17 0.14 0.085 0.115 0.11 0.1 0.07 0.08 0.07 0.07 0.065 0.07 0.07 0.07 0.06 0.08 0.105 0.06 0.06 0.06 0.075 0.11 0.115 0.135 -9999 -9999 -9999 0.24 0.135 0.18 0.2 0.135 0.18 -9999 -9999
-9999 -9999 -9999 0.05 0.06 0.04 0.055 0.06 0.06 0.055 0.055 0.05 0.05 -9999 -9999 0.12 0.06 0.09 0.09 0.12 0.12 0.12 0.12 0.12 0.14 0.12 0.12 0.135 0.14 0.125 0.215 0.215 0.205 0.16 0.16 0.16 0.16 0.17 0.13 0.16 0.16 0.19 0.19 0.17 0.17 0.12 0.11 0.11 0.12 0.065 0.11 0.07 0.08 0.075 0.07 0.075 0.07 0.07 0.07 0.08 0.08 0.07 0.08 0.055 0.07 0.12 0.105 0.105 -9999 -9999 -9999 0.125 0.19 -9999 0.13 0.19 0.27 0.44 0.36 -9999 -9999
-9999 -9999 -9999 -9999 0.05 0.045 0.055 0.065 0.075 0.055 0.06 0.065 0.045 0.065 -9999 0.075 0.07 0.09 0.11 0.12 0.13 0.13 0.16 0.12 0.12 0.16 0.1 0.115 0.185 0.185 0.155 0.15 0.195 0.16 0.19 0.19 0.19 0.17 0.17 0.17 0.13 0.17 0.13 0.19 0.13 0.12 0.12 0.1 0.11 0.07 0.07 0.105 0.08 0.08 0.06 0.06 0.06 0.085 0.07 0.055 0.08 0.055 0.09 0.11 -9999 -9999 -9999 -9999 0.125 0.135 0.135 0.115 0.18 0.135 0.135 0.26 -9999 -9999 -9999 -9999 -9999
-9999 -9999 -9999 0.045 0.035 0.05 0.06 0.065 0.055 0.045 0.065 0.09 0.055 0.055 0.07 0.075 0.09 0.11 0.09 0.12 0.12 0.1 0.1 0.1 0.1 0.1 0.11 0.14 0.21 0.175 0.195 0.215 0.15 0.17 0.19 0.16 0.18 0.19 0.14 0.17 0.105 0.14 0.13 0.12 0.12 0.115 0.12 0.09 0.09 0.09 0.07 0.07 0.055 0.075 0.07 0.07 0.105 0.075 0.085 0.065 0.19 -9999 -9999 -9999 -9999 -9999 -9999 -9999 -9999 0.31 0.19 0.125 0.135 -9999 -9999 -9999 -9999 -9999 -9999 0.115 0.125
-9999 -9999 -9999 0.13 0.05 0.05 0.06 0.055 0.055 0.055 0.055 0.055 0.08 0.08 0.07 0.09 0.08 0.08 0.08 0.1 0.07 0.09 0.09 0.1 0.1 0.12 0.11 0.135 0.135 0.165 0.19 0.13 0.19 0.185 0.19 0.115 0.21 0.16 0.16 0.105 0.11 0.12 0.125 0.125 0.12 0.12 0.11 0.11 0.1125 0.085 0.1 0.07 0.07 0.07 0.055 0.105 -9999 -9999 0.055 -9999 -9999 -9999 -9999 -9999 -9999 -9999 -9999 0.135 0.125 0.115 0.125 0.13 0.19 -9999 -9999 -9999 -9999 -9999 -9999 -9999 -9999
-9999 -9999 -9999 -9999 0.065 0.05 0.04 0.05 0.045 0.06 0.07 0.07 0.07 0.12 0.095 0.095 0.09 0.08 0.06 0.07 0.07 0.08 0.09 0.11 0.13 0.165 0.135 0.12 0.12 0.125 0.155 0.12 0.195 0.165 0.16 0.13 0.28 0.16 0.19 0.13 0.115 0.13 0.12 0.12 0.12 0.115 0.11 0.1 0.12 0.07 0.07 0.065 0.085 -9999 -9999 -9999 -9999 -9999 -9999 0.095 0.065 -9999 -9999 -9999 -9999 -9999 -9999 -9999 -9999 0.17 0.19 0.19 -9999 -9999 -9999 -9999 -9999 -9999 -9999 -9999 -9999
-9999 -9999 -9999 -9999 -9999 0.1 0.055 0.045 0.08 0.07 0.11 0.07 0.07 0.11 0.08 0.085 0.165 0.065 0.05 0.08 0.08 0.07 0.08 0.11 0.13 0.11 0.12 0.11 0.095 0.135 0.13 0.155 0.15 0.175 0.16 0.16 0.16 0.17 0.12 0.12 0.16 0.13 0.13 0.13 0.12 0.12 0.1 0.1 0.115 0.1 0.1 0.08 0.09 0.105 -9999 -9999 -9999 -9999 -9999 0.095 0.085 0.105 -9999 -9999 -9999 -9999 -9999 -9999 -9999 -9999 -9999 -9999 -9999 -9999 -9999 -9999 -9999 -9999 -9999 -9999 0.135
-9999 -9999 -9999 -9999 -9999 -9999 0.135 0.06 0.08 0.07 0.11 0.065 0.07 0.08 0.08 0.115 0.125 0.055 0.04 0.07 0.055 0.04 0.07 0.1 0.11 0.075 0.11 0.14 0.125 0.11 0.11 0.16 0.145 0.2 0.115 0.18 0.13 0.14 0.14 0.14 0.14 0.12 0.14 0.14 0.12 0.115 0.1 0.115 0.09 0.1 0.085 0.105 0.105 0.105 0.16 0.11 0.065 0.105 0.105 -9999 0.12 0.095 0.115 0.055 0.19 -9999 0.105 0.105 -9999 -9999 -9999 -9999 -9999 -9999 -9999 -9999 -9999 -9999 -9999 -9999 -9999
-9999 -9999 -9999 -9999 -9999 -9999 0.08 0.08 0.11 0.07 0.08 0.08 0.07 0.095 0.16 0.16 0.065 0.065 0.045 0.05 0.04 0.04 0.07 0.095 0.085 0.09 0.12 0.11 0.145 0.12 0.11 0.145 0.115 0.135 0.16 0.12 0.12 0.16 0.15 0.16 0.21 0.16 0.13 0.14 0.12 0.13 0.095 0.09 0.095 0.085 0.09 0.105 0.085 0.055 0.085 0.095 0.105 0.055 0.065 0.12 0.065 -9999 0.11 0.105 -9999 -9999 -9999 -9999 -9999 -9999 -9999 -9999 -9999 -9999 -9999 -9999 -9999 -9999 0.105 -9999 -9999
-9999 -9999 -9999 -9999 -9999 -9999 0.11 0.07 0.11 0.135 0.07 0.065 0.085 0.165 0.125 0.095 0.09 0.06 0.04 0.04 0.04 0.065 0.06 0.075 0.11 0.1 0.115 0.115 0.11 0.125 0.18 0.13 0.155 0.18 0.12 0.1 0.13 0.16 0.19 0.27 0.22 0.17 0.15 0.14 0.13 0.12 0.095 0.11 0.07 0.085 0.1 0.1 0.095 0.075 0.105 0.085 0.105 0.075 0.055 0.07 0.065 0.055 0.095 0.09 0.085 0.14 0.14 0.105 -9999 -9999 0.08 -9999 -9999 -9999 -9999 -9999 -9999 -9999 -9999 -9999 -9999
-9999 -9999 -9999 -9999 0.15 0.1 0.08 0.09 0.155 0.18 0.145 0.06 0.055 0.095 0.145 0.075 0.085 0.07 0.05 0.04 0.04 0.06 0.07 0.11 0.11 0.115 0.115 0.135 0.115 0.135 0.135 0.125 0.135 0.125 0.12 0.11 0.13 0.12 0.12 0.18 0.18 0.18 0.16 0.13 0.105 0.115 0.11 0.095 0.075 0.09 0.07 0.095 0.07 0.055 -9999 -9999 -9999 -9999 0.085 0.08 0.085 0.105 0.08 0.065 0.1 0.075 0.115 -9999 -9999 -9999 -9999 -9999 -9999 -9999 -9999 -9999 -9999 -9999 -9999 -9999 -9999
-9999 -9999 -9999 0.08 0.05 0.085 0.065 0.16 0.115 0.125 0.11 0.06 0.065 0.08 0.09 0.08 0.09 0.07 0.07 0.07 0.07 0.08 0.07 0.08 0.085 0.14 0.12 0.12 0.115 0.145 0.11 0.115 0.135 0.135 0.14 0.16 0.11 0.12 0.14 0.14 0.15 0.16 0.14 0.13 0.13 0.12 0.105 0.11 0.11 0.1 0.09 0.055 0.085 0.16 -9999 -9999 -9999 0.075 0.065 0.045 0.075 0.075 0.095 0.055 0.105 0.065 0.22 -9999 -9999 -9999 -9999 -9999 -9999 -9999 -9999 -9999 -9999 -9999 -9999 -9999 -9999
-9999 -9999 0.055 0.065 0.075 0.095 0.095 0.16 0.12 0.085 0.07 0.05 0.07 0.06 0.07 0.07 0.09 0.09 0.08 0.08 0.065 0.09 0.07 0.085 0.075 0.07 0.11 0.09 0.09 0.12 0.135 0.115 0.13 0.18 0.165 0.16 0.1 0.13 0.14 0.13 0.14 0.16 0.14 0.115 0.13 0.12 0.105 0.11 0.11 0.1 0.105 0.085 -9999 -9999 -9999 -9999 -9999 0.08 0.085 0.105 0.075 0.085 0.085 -9999 0.085 0.115 -9999 -9999 -9999 -9999 -9999 -9999 -9999 -9999 -9999 -9999 -9999 -9999 -9999 -9999 -9999
-9999 -9999 0.095 0.095 0.12 0.075 0.12 0.14 0.08 0.1 0.06 0.06 0.06 0.07 0.065 0.08 0.08 0.07 0.08 0.07 0.075 0.065 0.075 0.065 0.07 0.07 0.075 0.11 0.09 0.095 0.12 0.115 0.165 0.165 0.115 0.11 0.12 0.14 0.16 0.15 0.16 0.14 0.15 0.16 0.125 0.11 0.125 0.12 0.12 0.09 0.115 -9999 -9999 -9999 -9999 -9999 -9999 0.105 0.065 0.18 0.075 0.07 -9999 -9999 0.16 0.17 -9999 -9999 -9999 -9999 -9999 -9999 -9999 -9999 -9999 -9999 -9999 -9999 -9999 -9999 -9999
-9999 -9999 0.065 0.08 0.1 0.075 0.1 0.12 0.08 0.08 0.07 0.07 0.06 0.08 0.07 0.07 0.07 0.06 0.07 0.065 0.065 0.065 0.07 0.08 0.055 0.06 0.065 0.07 0.09 0.09 0.115 0.155 0.145 0.165 0.12 0.1 0.13 0.15 0.21 0.16 0.19 0.21 0.19 0.17 0.15 0.14 0.13 0.11 0.12 0.09 0.22 -9999 -9999 -9999 -9999 -9999 -9999 0.14 0.115 0.105 0.055 -9999 -9999 -9999 -9999 -9999 -9999 -9999 -9999 -9999 -9999 -9999 -9999 -9999 -9999 -9999 -9999 -9999 -9999 -9999 -9999
-9999 -9999 0.11 0.085 0.075 0.065 0.065 0.07 0.08 0.08 0.07 0.07 0.07 0.07 0.07 0.07 0.065 0.07 0.08 0.08 0.08 0.08 0.075 0.04 0.05 0.07 0.07 0.11 0.09 0.1 0.12 0.13 0.145 0.165 0.145 0.095 0.15 0.16 0.16 0.15 0.15 0.16 0.19 0.21 0.16 0.15 0.13 0.12 0.12 0.29 -9999 -9999 -9999 -9999 -9999 -9999 -9999 -9999 0.08 0.055 0.045 0.045 0.14 -9999 -9999 -9999 -9999 -9999 -9999 -9999 -9999 -9999 -9999 -9999 -9999 -9999 -9999 -9999 -9999 -9999 -9999
