Analysis/inputs/017_mft_al50_asaq50/input/uga_beta.asc
ncols         121
nrows         127
xllcorner     118236.49319105
yllcorner     -163800.7987251
cellsize      5000
NODATA_value  -9999
[rows 90 to 119 of 127, columns 0 to 68 of 121]
-9999 -9999 -9999 -9999 -9999 -9999 0.00000 0.00000 0.00000 0.03525 0.03967 0.03680 0.03565 0.03737 0.04600 0.04715 0.04013 0.03622 0.04657 0.03668 0.03910 0.03979 0.03990 0.02990 0.04197 0.03208 0.03208 0.02875 0.03358 0.03208 0.04197 0.04197 0.03622 0.03335 0.03622 0.03105 0.03622 0.04715 0.03622 0.03622 0.03622 0.03622 0.03622 0.03622 0.03622 0.03622 0.03622 0.03174 0.02852 0.02852 0.02645 0.02645 0.02645 0.02645 0.02760 0.02760 0.02840 0.02760 0.02852 0.02817 0.02990 0.02990 0.02909 0.03139 0.02610 0.02875 0.02737 0.03576 0.07072
-9999 -9999 -9999 -9999 0.03645 0.00000 0.03530 0.04542 0.04830 0.04427 0.03841 0.04657 0.03864 0.03898 0.04600 0.04025 0.04485 0.05060 0.03956 0.03910 0.03726 0.02932 0.04255 0.03358 0.04255 0.03105 0.03450 0.03530 0.03162 0.03415 0.03300 0.03300 0.03680 0.03622 0.03622 0.02886 0.03622 0.03622 0.03576 0.03622 0.03622 0.03622 0.03622 0.03174 0.03174 0.03174 0.03174 0.02852 0.02875 0.03335 0.02852 0.02852 0.02852 0.02645 0.02840 0.02760 0.02852 0.02852 0.02645 0.02783 0.03335 0.03335 0.02990 0.02829 0.02702 0.02760 0.02725 0.04197 0.08855
-9999 -9999 -9999 0.04117 0.03933 0.03691 0.04255 0.04117 0.04657 0.04657 0.04140 0.04772 0.04657 0.04830 0.04715 0.03898 0.03565 0.04013 0.03438 0.04174 0.03335 0.03507 0.03105 0.03335 0.04255 0.04255 0.03553 0.03024 0.03565 0.03024 0.04266 0.04450 0.03680 0.02875 0.02875 0.03507 0.03622 0.03622 0.03622 0.03622 0.03622 0.03622 0.03622 0.03174 0.03174 0.03174 0.03174 0.03174 0.03174 0.03174 0.02852 0.02990 0.02852 0.02760 0.02760 0.02760 0.02714 0.02852 0.02852 0.02852 0.02990 0.03335 0.03576 0.03335 0.02760 0.02760 0.02967 0.04025 0.08625
-9999 -9999 -9999 0.05002 0.05002 0.03990 0.03795 0.03841 0.04715 0.03898 0.04657 0.04772 0.04887 -9999 -9999 0.06325 0.04715 0.04485 0.04140 0.03047 0.03335 0.03047 0.03105 0.03415 0.04255 0.03105 0.03266 0.04266 0.03415 0.04197 0.03047 0.04197 0.04450 0.03507 0.03507 0.03576 0.02783 0.03622 0.03622 0.03622 0.03622 0.03622 0.03174 0.03622 0.03174 0.02852 0.02760 0.02852 0.02990 0.03174 0.03174 0.02760 0.02760 0.02645 0.02852 0.02645 0.02875 0.02990 0.03622 0.02783 0.02783 0.02886 0.02875 0.02633 0.02702 0.00000 0.04197 0.03668 -9999
-9999 -9999 -9999 -9999 0.03990 0.04048 0.04657 0.04657 0.05290 0.04657 0.04082 0.04945 0.03565 0.03910 -9999 0.04255 0.03438 0.04370 0.03622 0.03392 0.03473 0.03162 0.03404 0.03530 0.03162 0.03415 0.03024 0.03680 0.04266 0.04266 0.03680 0.03852 0.03576 0.03576 0.03507 0.03576 0.03622 0.03622 0.03622 0.03622 0.03174 0.03622 0.03622 0.03174 0.02990 0.03335 0.03335 0.02760 0.02990 0.02760 0.02760 0.03174 0.02760 0.02760 0.02587 0.02760 0.02760 0.03174 0.03622 0.03622 0.02783 0.03507 0.04197 0.00000 -9999 -9999 -9999 -9999 0.07360
-9999 -9999 -9999 0.04657 0.04013 0.03852 0.03565 0.04657 0.03910 0.03898 0.04830 0.04715 0.04485 0.04025 0.04197 0.04036 0.04485 0.04772 0.04186 0.03335 0.03680 0.04025 0.03404 0.04255 0.03415 0.03553 0.03335 0.03105 0.04266 0.04266 0.04266 0.04266 0.04266 0.03024 0.03622 0.03576 0.03576 0.03507 0.03622 0.03622 0.03622 0.03105 0.03105 0.03174 0.02990 0.02829 0.03335 0.02760 0.02645 0.02852 0.02760 0.03174 0.03174 0.02875 0.02760 0.03174 0.03622 0.03622 0.03622 0.03507 0.00000 -9999 -9999 -9999 -9999 -9999 -9999 -9999 -9999
-9999 -9999 -9999 0.00000 0.03864 0.03645 0.04427 0.04255 0.03910 0.03910 0.04657 0.05600 0.05600 0.04197 0.04657 0.05002 0.04025 0.03967 0.04140 0.03335 0.03277 0.03392 0.03450 0.02932 0.03105 0.03335 0.04266 0.04450 0.03680 0.04266 0.04197 0.03852 0.04266 0.04450 0.02875 0.03622 0.03576 0.03507 0.03622 0.03622 0.02990 0.03335 0.02829 0.03047 0.02990 0.03335 0.03335 0.02852 0.02875 0.02875 0.02990 0.02760 0.02760 0.02990 0.03174 0.03174 -9999 -9999 0.00000 -9999 -9999 -9999 -9999 -9999 -9999 -9999 -9999 0.09315 0.08395
-9999 -9999 -9999 -9999 0.04485 0.04887 0.03726 0.03910 0.04370 0.03898 0.04278 0.04289 0.05600 0.04761 0.03910 0.03197 0.05600 0.03611 0.03611 0.04013 0.02932 0.03335 0.03105 0.03553 0.03415 0.04266 0.04197 0.04427 0.04197 0.04197 0.04266 0.03162 0.04266 0.03680 0.03622 0.03576 0.03576 0.03507 0.03622 0.03622 0.03622 0.02783 0.02898 0.03335 0.02990 0.02829 0.02990 0.02852 0.03335 0.02852 0.02760 0.02702 0.03174 -9999 -9999 -9999 -9999 -9999 -9999 0.00000 0.03622 -9999 -9999 -9999 -9999 -9999 -9999 -9999 -9999
-9999 -9999 -9999 -9999 -9999 0.04025 0.06325 0.04266 0.04197 0.03162 0.03967 0.03220 0.03162 0.03680 0.03680 0.03507 0.04611 0.03553 0.02932 0.03070 0.03450 0.02932 0.03507 0.04255 0.03404 0.03415 0.04197 0.04255 0.03300 0.04266 0.03312 0.04266 0.04266 0.04427 0.03576 0.02921 0.03507 0.03622 0.03335 0.03335 0.03105 0.02898 0.02840 0.02783 0.02852 0.02898 0.03047 0.02875 0.03047 0.03335 0.02760 0.02852 0.03622 0.03622 -9999 -9999 -9999 -9999 -9999 0.00000 0.03622 0.03576 -9999 -9999 -9999 -9999 -9999 -9999 -9999
-9999 -9999 -9999 -9999 -9999 -9999 0.00000 0.04450 0.04312 0.03795 0.05232 0.03484 0.03220 0.03565 0.03737 0.04634 0.04025 0.03024 0.03450 0.02932 0.03208 0.02645 0.02932 0.03392 0.03105 0.03415 0.03335 0.04266 0.04266 0.04450 0.03680 0.03680 0.04427 0.03576 0.03622 0.02875 0.03622 0.02886 0.03335 0.02840 0.03105 0.03335 0.02760 0.03335 0.02990 0.02898 0.02783 0.02829 0.02760 0.03335 0.02645 0.03174 0.03622 0.03174 0.00000 0.03576 0.03622 0.03622 0.03507 -9999 0.00000 0.04197 0.03438 0.00000 0.00000 -9999 0.03438 0.03438 -9999
-9999 -9999 -9999 -9999 -9999 -9999 0.00000 0.04347 0.03795 0.04761 0.03565 0.03795 0.04312 0.04140 0.04025 0.03542 0.03335 0.03795 0.03001 0.03450 0.02645 0.02645 0.03335 0.03335 0.03553 0.03024 0.04266 0.04197 0.03680 0.03852 0.04266 0.04450 0.03852 0.04427 0.02875 0.03105 0.03335 0.03105 0.02783 0.02909 0.03105 0.03105 0.02829 0.03335 0.03105 0.02898 0.02829 0.03335 0.02714 0.02875 0.02852 0.03174 0.03622 0.03622 0.03174 0.03576 0.03622 0.03622 0.03576 0.00000 0.00000 -9999 0.03668 0.03668 -9999 -9999 -9999 -9999 -9999
-9999 -9999 -9999 -9999 -9999 -9999 0.05232 0.04761 0.03910 0.04634 0.04749 0.04255 0.04025 0.04807 0.04623 0.03128 0.03128 0.04255 0.03450 0.02817 0.02645 0.03335 0.03277 0.03335 0.03312 0.03312 0.04450 0.03047 0.04163 0.04266 0.03680 0.04427 0.04266 0.03680 0.02886 0.03335 0.02783 0.02783 0.02875 0.02875 0.02921 0.02921 0.03335 0.02898 0.02633 0.03047 0.02898 0.02645 0.02702 0.03047 0.03335 0.03335 0.03622 0.03174 0.03622 0.03576 0.04197 0.03622 0.03576 0.02875 0.02967 0.03576 0.03438 0.03795 0.03795 0.03461 0.03231 0.03277 -9999
-9999 -9999 -9999 -9999 0.00000 0.03680 0.04347 0.04749 0.04232 0.04232 0.04427 0.04289 0.03484 0.03565 0.04427 0.03507 0.03277 0.03047 0.03335 0.03105 0.03277 0.02932 0.02932 0.04255 0.03312 0.04450 0.03680 0.04266 0.03852 0.03680 0.04450 0.03047 0.03680 0.04266 0.02921 0.02783 0.03335 0.02898 0.02760 0.02633 0.02909 0.03139 0.02909 0.03047 0.02714 0.02829 0.02921 0.02875 0.02714 0.03335 0.02852 0.03622 0.03174 0.03622 -9999 -9999 -9999 -9999 0.03438 0.03438 0.03576 0.04197 0.03438 0.03668 0.03841 0.03461 0.03852 -9999 -9999
-9999 -9999 -9999 0.03358 0.03358 0.03473 0.03473 0.03910 0.04807 0.05232 0.04807 0.03473 0.04140 0.03622 0.04255 0.03795 0.03404 0.03415 0.03450 0.03392 0.02990 0.03070 0.03392 0.04255 0.03404 0.04197 0.04266 0.04266 0.04266 0.04266 0.04450 0.03047 0.03680 0.04266 0.03312 0.02955 0.02990 0.02990 0.02840 0.02840 0.02909 0.02875 0.02909 0.03105 0.02921 0.02783 0.02909 0.02886 0.02921 0.03335 0.03335 0.03622 0.03507 0.00000 -9999 -9999 -9999 0.00000 0.03507 0.03622 0.03507 0.03438 0.03277 0.00000 0.03668 0.03841 0.00000 -9999 -9999
-9999 -9999 0.03358 0.03358 0.03358 0.03473 0.03220 0.03392 0.05232 0.03197 0.04289 0.03162 0.03507 0.03910 0.03220 0.03220 0.03910 0.03565 0.03392 0.03680 0.03024 0.03795 0.03335 0.03162 0.03105 0.04266 0.04197 0.04266 0.03852 0.04427 0.04266 0.03047 0.03553 0.04266 0.04197 0.02783 0.03335 0.03335 0.03335 0.02783 0.03335 0.02875 0.02886 0.02760 0.02875 0.02886 0.02875 0.02921 0.02875 0.03335 0.03622 0.03576 -9999 -9999 -9999 -9999 -9999 0.03668 0.04197 0.03668 0.04197 0.03438 0.03841 -9999 0.03277 0.03461 -9999 -9999 -9999
-9999 -9999 0.03358 0.03358 0.03473 0.03473 0.03220 0.03450 0.03680 0.03622 0.03910 0.03795 0.03795 0.03795 0.03542 0.03910 0.03622 0.03680 0.03565 0.03392 0.03553 0.03795 0.03070 0.03105 0.03024 0.02932 0.03312 0.03047 0.03852 0.03024 0.03565 0.04163 0.03047 0.03565 0.03047 0.03105 0.02886 0.03105 0.02875 0.03105 0.02886 0.02840 0.03139 0.02967 0.02967 0.02610 0.03139 0.02875 0.02875 0.03335 0.04197 -9999 -9999 -9999 -9999 -9999 -9999 0.03438 0.03668 0.00000 0.03841 0.03841 -9999 -9999 0.00000 0.00000 -9999 -9999 -9999
-9999 -9999 0.03358 0.03358 0.03473 0.03473 0.03680 0.04140 0.03680 0.04312 0.04312 0.03680 0.03622 0.03795 0.03220 0.04312 0.03220 0.03622 0.03565 0.04255 0.04255 0.03404 0.04347 0.04197 0.03300 0.03277 0.02990 0.04197 0.04163 0.04197 0.03680 0.04266 0.03680 0.04163 0.03450 0.03335 0.02783 0.02909 0.03105 0.02909 0.02760 0.02886 0.02967 0.02875 0.02875 0.02875 0.02967 0.02944 0.02875 0.02875 0.00000 -9999 -9999 -9999 -9999 -9999 -9999 0.00000 0.03220 0.03726 0.03277 -9999 -9999 -9999 -9999 -9999 -9999 -9999 -9999
-9999 -9999 0.03358 0.03358 0.03473 0.02829 0.03358 0.03404 0.03622 0.03795 0.03220 0.03507 0.03910 0.03795 0.03622 0.03910 0.03427 0.03565 0.03450 0.03473 0.03507 0.03404 0.04255 0.03507 0.03105 0.03335 0.04163 0.04197 0.04197 0.04197 0.04255 0.03852 0.04266 0.04197 0.03622 0.03174 0.03174 0.03335 0.02760 0.03105 0.02921 0.02875 0.02967 0.02875 0.02875 0.02886 0.02783 0.02875 0.02875 0.00000 -9999 -9999 -9999 -9999 -9999 -9999 -9999 -9999 0.03105 0.00000 0.03668 0.00000 0.00000 -9999 -9999 -9999 -9999 -9999 -9999
-9999 -9999 0.03358 0.03358 0.03082 0.03082 0.02725 0.02829 0.03105 0.03277 0.03565 0.03220 0.03910 0.03277 0.03680 0.03105 0.03473 0.03254 0.03105 0.03392 0.03392 0.03392 0.03335 0.03392 0.03105 0.03105 0.03024 0.03369 0.04197 0.04197 0.04197 0.03680 0.03047 0.04255 0.03622 0.03622 0.03174 0.03622 0.02898 0.02829 0.02955 0.02921 0.02760 0.02955 0.02909 0.03105 0.02875 0.02783 0.02783 0.04197 -9999 -9999 -9999 -9999 -9999 -9999 -9999 -9999 -9999 -9999 0.00000 0.03726 0.00000 -9999 -9999 -9999 -9999 -9999 -9999
-9999 0.03358 0.03024 0.03024 0.02656 0.03024 0.02725 0.02656 0.02725 0.03565 0.03565 0.03622 0.03335 0.03622 0.04025 0.04025 0.03392 0.03392 0.03392 0.03450 0.03105 0.03300 0.02990 0.03335 0.03335 0.03335 0.03415 0.03024 0.04197 0.04197 0.04266 0.04197 0.04255 0.03680 0.03622 0.02990 0.03174 0.02783 0.03105 0.02840 0.02840 0.02840 0.02967 0.02875 0.02875 0.02875 0.02875 0.02921 0.03105 0.00000 -9999 -9999 -9999 -9999 -9999 -9999 -9999 -9999 0.03461 -9999 -9999 0.03484 -9999 -9999 -9999 -9999 -9999 -9999 -9999
-9999 0.02829 0.02760 0.02875 0.02875 0.03082 0.02656 0.02656 0.02656 0.02725 0.03565 0.03105 0.03622 0.03450 0.03024 0.03162 0.03415 0.03105 0.03300 0.03300 0.03024 0.02932 0.03450 0.02875 0.03105 0.04255 0.03105 0.03565 0.04197 0.04255 0.03438 0.04197 0.04255 0.04255 0.04197 0.03622 0.02783 0.02990 0.03335 0.03622 0.03335 0.03105 0.02921 0.02875 0.03622 0.03507 0.03622 0.03622 0.03622 -9999 -9999 -9999 -9999 -9999 -9999 -9999 -9999 -9999 -9999 -9999 0.03668 0.03220 -9999 -9999 -9999 -9999 -9999 -9999 -9999
-9999 0.03082 0.02656 0.02875 0.02875 0.02875 0.02656 0.02702 0.02875 0.02875 0.02656 0.03680 0.04312 0.03335 0.02932 0.03335 0.03415 0.02875 0.03450 0.03450 0.03024 0.02932 0.03105 0.03047 0.02990 0.02932 0.03277 0.02932 0.03059 0.04427 0.03047 0.02875 0.03105 0.03358 0.02875 0.04197 0.03335 0.03335 0.03335 0.02898 0.02909 0.02909 0.02840 0.02875 0.03576 0.03507 0.03622 0.03622 -9999 0.00000 -9999 -9999 -9999 -9999 -9999 -9999 -9999 -9999 -9999 -9999 -9999 -9999 -9999 -9999 -9999 -9999 -9999 -9999 -9999
-9999 0.02829 0.02656 0.02771 0.02679 0.02760 0.02875 0.02725 0.02760 0.02875 0.02656 0.03622 0.03450 0.03392 0.03507 0.03335 0.03450 0.03450 0.03047 0.04197 0.03024 0.02932 0.03450 0.03277 0.03277 0.02932 0.03105 0.03358 0.03450 0.02990 0.03162 0.03277 0.02990 0.03450 0.03438 0.02875 0.03335 0.03335 0.02783 0.03105 0.02875 0.02875 0.02875 0.02875 0.03507 0.03622 0.03622 0.03622 -9999 -9999 -9999 -9999 -9999 -9999 -9999 -9999 -9999 -9999 -9999 -9999 -9999 -9999 -9999 -9999 -9999 -9999 -9999 -9999 -9999
-9999 0.02725 0.03024 0.02875 0.02875 0.02875 0.03093 0.02875 0.02656 0.02875 0.02875 0.03680 0.03047 0.03392 0.03450 0.03220 0.03553 0.03105 0.03438 0.03047 0.03369 0.02932 0.03105 0.03277 0.03047 0.03277 0.03024 0.03358 0.03553 0.03024 0.02990 0.02990 0.03024 0.03450 0.02875 0.03852 0.02783 0.03105 0.02783 0.02783 0.03576 0.02921 0.02875 0.03622 0.03622 0.03622 0.03507 0.03622 0.03507 0.00000 -9999 -9999 -9999 -9999 -9999 -9999 -9999 -9999 -9999 -9999 -9999 -9999 -9999 -9999 -9999 -9999 -9999 -9999 -9999
-9999 0.02656 0.02817 0.03093 0.02875 0.02875 0.02679 0.02771 0.02771 0.03093 0.02932 0.03358 0.03335 0.03565 0.03530 0.03105 0.03105 0.03323 0.03335 0.03553 0.02990 0.03024 0.03277 0.03105 0.03047 0.02990 0.03438 0.03450 0.03277 0.02875 0.03335 0.03105 0.03024 0.03047 0.04163 0.03680 0.04255 0.03105 0.03622 0.03622 0.03622 0.02921 0.03576 0.03622 0.03622 0.03622 0.03622 0.03622 0.03622 -9999 -9999 -9999 -9999 -9999 -9999 -9999 -9999 -9999 -9999 -9999 -9999 -9999 -9999 -9999 -9999 -9999 -9999 -9999 -9999
0.03024 0.02771 0.02817 0.03358 0.02817 0.02932 0.00000 0.00000 0.02679 0.02771 0.02771 0.04255 0.03530 0.03047 0.03507 0.03105 0.02932 0.02932 0.03277 0.03335 0.03450 0.03415 0.03335 0.03105 0.03277 0.03220 0.02990 0.03438 0.03312 0.02875 0.02990 0.02990 0.03162 0.03024 0.04450 0.03047 0.03680 0.04197 0.03622 0.03576 0.03622 0.03507 0.03622 0.03622 0.03622 0.03576 0.03841 0.03622 0.03622 0.03576 -9999 -9999 -9999 -9999 -9999 -9999 -9999 -9999 -9999 -9999 -9999 -9999 -9999 -9999 -9999 -9999 -9999 -9999 -9999
0.03358 0.03358 0.00000 0.00000 0.02932 0.00000 0.00000 0.00000 0.00000 0.02633 0.02771 0.03392 0.03105 0.03450 0.04255 0.03300 0.03335 0.03335 0.03335 0.03450 0.03530 0.04197 0.03795 0.03335 0.02990 -9999 -9999 -9999 -9999 -9999 -9999 -9999 -9999 -9999 -9999 -9999 -9999 -9999 -9999 -9999 -9999 -9999 -9999 -9999 -9999 -9999 -9999 -9999 -9999 -9999 -9999 -9999 -9999 -9999 -9999 -9999 -9999 -9999 -9999 -9999 -9999 -9999 -9999 -9999 -9999 -9999 -9999 -9999 -9999
0.03024 0.03093 0.00000 0.00000 0.00000 0.00000 0.00000 0.00000 0.00000 0.00000 0.02932 0.02932 0.03105 0.03473 0.03737 0.04347 0.03105 0.03404 0.03530 -9999 -9999 0.04266 0.03047 0.03565 -9999 -9999 -9999 -9999 -9999 -9999 -9999 -9999 -9999 -9999 -9999 -9999 -9999 -9999 -9999 -9999 -9999 -9999 -9999 -9999 -9999 -9999 -9999 -9999 -9999 -9999 -9999 -9999 -9999 -9999 -9999 -9999 -9999 -9999 -9999 -9999 -9999 -9999 -9999 -9999 -9999 -9999 -9999 -9999 -9999
0.02932 0.00000 0.00000 0.00000 0.00000 0.00000 0.00000 0.00000 0.00000 0.00000 0.00000 0.03208 0.03358 0.03450 0.03162 0.03427 0.03277 -9999 -9999 -9999 -9999 -9999 -9999 -9999 -9999 -9999 -9999 -9999 -9999 -9999 -9999 -9999 -9999 -9999 -9999 -9999 -9999 -9999 -9999 -9999 -9999 -9999 -9999 -9999 -9999 -9999 -9999 -9999 -9999 -9999 -9999 -9999 -9999 -9999 -9999 -9999 -9999 -9999 -9999 -9999 -9999 -9999 -9999 -9999 -9999 -9999 -9999 -9999 -9999
0.03082 0.02932 0.00000 0.00000 0.00000 0.00000 0.00000 0.00000 0.00000 0.00000 0.00000 0.00000 0.03047 0.02990 0.03404 0.03266 -9999 -9999 -9999 -9999 -9999 -9999 -9999 -9999 -9999 -9999 -9999 -9999 -9999 -9999 -9999 -9999 -9999 -9999 -9999 -9999 -9999 -9999 -9999 -9999 -9999 -9999 -9999 -9999 -9999 -9999 -9999 -9999 -9999 -9999 -9999 -9999 -9999 -9999 -9999 -9999 -9999 -9999 -9999 -9999 -9999 -9999 -9999 -9999 -9999 -9999 -9999 -9999 -9999
