Analysis/inputs/017_mft_al50_asaq50/input/uga_beta.asc
ncols         121
nrows         127
xllcorner     118236.49319105
yllcorner     -163800.7987251
cellsize      5000
NODATA_value  -9999
[rows 30 to 59 of 127, columns 0 to 68 of 121]
-9999 -9999 -9999 -9999 -9999 -9999 -9999 -9999 -9999 -9999 -9999 -9999 -9999 -9999 -9999 -9999 -9999 -9999 -9999 -9999 -9999 -9999 -9999 -9999 -9999 -9999 -9999 -9999 -9999 0.14000 0.17200 0.15300 0.16100 0.12410 0.17800 0.11700 0.11900 0.18100 0.13675 0.10800 0.08550 0.08000 0.08100 0.10900 0.12050 0.08950 0.07750 0.10700 0.10950 0.09550 0.11000 0.11000 0.11850 0.09550 0.12125 0.08525 0.11050 0.08800 0.08750 0.12450 0.07600 0.09800 0.07400 0.06600 0.06100 0.07500 0.04400 0.06000 0.04090
-9999 -9999 -9999 -9999 -9999 -9999 -9999 -9999 -9999 -9999 -9999 -9999 -9999 -9999 -9999 -9999 -9999 -9999 -9999 -9999 -9999 -9999 -9999 -9999 -9999 -9999 -9999 -9999 -9999 0.18900 0.15000 0.11800 0.17500 0.13900 0.12700 0.14300 0.12320 0.15600 0.12900 0.12900 0.06300 0.11100 0.11050 0.11650 0.10300 0.10300 0.10200 0.13950 0.13100 0.12150 0.12450 0.11900 0.08100 0.08400 0.10100 0.08100 0.09200 0.09700 0.09400 0.09600 0.10400 0.08400 0.08200 0.10450 0.10450 0.09050 0.06600 0.07500 0.06200
-9999 -9999 -9999 -9999 -9999 -9999 -9999 -9999 -9999 -9999 -9999 -9999 -9999 -9999 -9999 -9999 -9999 -9999 -9999 -9999 -9999 -9999 -9999 -9999 -9999 -9999 -9999 -9999 -9999 0.17400 0.17900 0.16450 0.13100 0.14400 0.17800 0.14800 0.17400 0.15900 0.14100 0.13100 0.05550 0.09600 0.09550 0.13400 0.12150 0.08950 0.13100 0.10850 0.11650 0.09650 0.13100 0.08200 0.10200 0.10100 0.08250 0.12450 0.12450 0.08900 0.09200 0.09300 0.08300 0.08000 0.08500 0.08700 0.08950 0.09100 0.08950 0.06300 0.05100
-9999 -9999 -9999 -9999 -9999 -9999 -9999 -9999 -9999 -9999 -9999 -9999 -9999 -9999 -9999 -9999 -9999 -9999 -9999 -9999 -9999 -9999 -9999 -9999 -9999 -9999 -9999 -9999 0.18800 0.17700 0.17400 0.12700 0.17100 0.14000 0.17100 0.16200 0.21700 0.22600 0.18800 0.14300 0.17000 0.12700 0.11750 0.11650 0.10200 0.12250 0.11700 0.10200 0.11950 0.11650 0.10200 0.13900 0.10850 0.09200 0.11550 0.08500 0.11500 0.13100 0.11600 0.09700 0.09600 0.08000 0.10200 0.09600 0.07800 0.09950 0.09050 0.08950 0.05900
-9999 -9999 -9999 -9999 -9999 -9999 -9999 -9999 -9999 -9999 -9999 -9999 -9999 -9999 -9999 -9999 -9999 -9999 -9999 -9999 -9999 -9999 -9999 -9999 -9999 -9999 -9999 -9999 0.18100 0.18600 0.20100 0.24300 0.18500 0.19000 0.14800 0.17100 0.17600 0.20400 0.16900 0.22600 0.13900 0.17200 0.10900 0.12950 0.13900 0.12250 0.11950 0.12900 0.11950 0.10150 0.10300 0.11200 0.12550 0.11300 0.11300 0.10600 0.11300 0.11250 0.10200 0.11300 0.10700 0.11300 0.08100 0.08500 0.07000 0.10700 0.08050 0.05550 0.05100
-9999 -9999 -9999 -9999 -9999 -9999 -9999 -9999 -9999 -9999 -9999 -9999 -9999 -9999 -9999 -9999 -9999 -9999 -9999 -9999 -9999 -9999 -9999 -9999 -9999 -9999 -9999 0.21200 0.19200 0.18350 0.20100 0.15850 0.15500 0.20600 0.15500 0.20200 0.22700 0.21600 0.21600 0.19400 0.11400 0.10650 0.10400 0.10200 0.10800 0.09250 0.12950 0.12600 0.11950 0.11250 0.12300 0.11650 0.11650 0.11900 0.11100 0.13700 0.13150 0.13700 0.13100 0.11200 0.10200 0.11300 0.10050 0.13100 0.08800 0.07070 0.06850 0.07600 0.07130
-9999 -9999 -9999 -9999 -9999 -9999 -9999 -9999 -9999 -9999 -9999 -9999 -9999 -9999 -9999 -9999 -9999 -9999 -9999 -9999 -9999 -9999 -9999 -9999 -9999 -9999 -9999 0.18250 0.22800 0.22400 0.20800 0.19200 0.20800 0.17700 0.20100 0.25200 0.16200 0.19000 0.20200 0.19075 0.14500 0.07000 0.09850 0.13700 0.10400 0.12950 0.11450 0.09900 0.11700 0.12550 0.11150 0.12950 0.10710 0.11400 0.13100 0.09800 0.09250 0.11900 0.08700 0.12400 0.12900 0.12200 0.13950 0.11600 0.08400 0.07200 0.07300 0.07000 0.06800
-9999 -9999 -9999 -9999 -9999 -9999 -9999 -9999 -9999 -9999 -9999 -9999 -9999 -9999 -9999 -9999 -9999 -9999 -9999 -9999 -9999 -9999 -9999 -9999 -9999 -9999 0.18750 0.20700 0.22900 0.17950 0.20900 0.24500 0.17900 0.18500 0.19400 0.20600 0.17900 0.21200 0.20700 0.15700 0.19100 0.15300 0.09600 0.13900 0.11800 0.13100 0.10800 0.10850 0.12950 0.10900 0.12450 0.10400 0.09800 0.09800 0.10900 0.11950 0.13650 0.11800 0.13050 0.12500 0.13050 0.09800 0.10200 0.12000 0.11500 0.13000 0.09700 0.09000 0.08200
-9999 -9999 -9999 -9999 -9999 -9999 -9999 -9999 -9999 -9999 -9999 -9999 -9999 -9999 -9999 -9999 -9999 -9999 -9999 -9999 -9999 -9999 -9999 -9999 -9999 -9999 -9999 0.23700 0.22200 0.23400 0.25700 0.22800 0.22000 0.18700 0.19250 0.20400 0.19600 0.21500 0.21900 0.23900 0.20300 0.18700 0.06600 0.13100 0.13100 0.11800 0.09250 0.10400 0.12550 0.13900 0.10400 0.10800 0.13400 0.13600 0.10400 0.12550 0.11300 0.13600 0.10350 0.09050 0.13150 0.12000 0.11100 0.09800 0.12900 0.12600 0.10300 0.09300 0.10200
-9999 -9999 -9999 -9999 -9999 -9999 -9999 -9999 -9999 -9999 -9999 -9999 -9999 -9999 -9999 -9999 -9999 -9999 -9999 -9999 -9999 -9999 -9999 -9999 -9999 -9999 0.21200 0.21300 0.21000 0.25800 0.28000 0.23300 0.27000 0.18900 0.22300 0.22800 0.19100 0.15200 0.17200 0.18600 0.24900 0.18250 0.12600 0.19150 0.11650 0.11150 0.13200 0.11150 0.10050 0.11300 0.10400 0.13300 0.08250 0.11650 0.11650 0.12550 0.12250 0.13800 0.14050 0.13000 0.12800 0.09600 0.13200 0.10700 0.11900 0.11300 0.09900 0.08800 0.08200
-9999 -9999 -9999 -9999 -9999 -9999 -9999 -9999 -9999 -9999 -9999 -9999 -9999 -9999 -9999 -9999 -9999 -9999 -9999 -9999 -9999 -9999 -9999 -9999 -9999 -9999 -9999 -9999 0.21300 0.24100 0.24100 0.21700 0.24800 0.21600 0.21000 0.20800 0.15700 0.21300 0.19200 0.17400 0.21900 0.14400 0.07100 0.09600 0.09600 0.11650 0.13850 0.10850 0.13100 0.10050 0.13750 0.10300 0.09850 0.11050 0.13100 0.10600 0.11950 0.13650 0.13250 0.14600 0.12000 0.11500 0.13520 0.13200 0.15300 0.13000 0.10300 0.10400 0.09100
-9999 -9999 -9999 -9999 -9999 -9999 -9999 -9999 -9999 -9999 -9999 -9999 -9999 -9999 -9999 -9999 -9999 -9999 -9999 -9999 -9999 -9999 -9999 -9999 -9999 -9999 -9999 -9999 0.26600 0.25600 -9999 -9999 0.27000 0.23100 0.18400 0.20800 0.18150 0.21300 0.19800 0.18000 0.14800 0.16250 0.06300 0.07100 0.08600 0.08750 0.09300 0.08300 0.08250 0.07750 0.07750 0.13400 0.09600 0.08500 0.10600 0.10250 0.11550 0.11150 0.11950 0.12700 0.11400 0.13900 0.11200 0.13000 0.11800 0.13050 0.09000 0.11900 0.08900
-9999 -9999 -9999 -9999 -9999 -9999 -9999 -9999 -9999 -9999 -9999 -9999 -9999 -9999 -9999 -9999 -9999 -9999 -9999 -9999 -9999 -9999 -9999 -9999 -9999 -9999 -9999 -9999 -9999 0.23100 -9999 -9999 -9999 0.23500 0.23500 0.17750 0.19100 0.20300 0.25700 0.16300 0.19800 0.12265 0.05790 0.08675 0.08150 0.09600 0.09700 0.08600 0.12450 0.21275 0.18595 0.25415 0.21735 0.07800 0.08500 0.11650 0.08200 0.11050 0.10950 0.10500 0.10800 0.11700 0.11600 0.12900 0.12900 0.13400 0.12700 0.12500 0.09300
-9999 -9999 -9999 -9999 -9999 -9999 -9999 -9999 -9999 -9999 -9999 -9999 -9999 -9999 -9999 -9999 -9999 -9999 -9999 -9999 -9999 -9999 -9999 -9999 -9999 -9999 -9999 -9999 -9999 -9999 -9999 -9999 -9999 -9999 0.23350 0.19050 0.22400 0.18250 0.13600 0.09500 0.06925 0.07900 0.07600 0.08800 0.07170 0.08350 0.09050 0.05620 0.21505 0.28635 0.28980 0.18170 0.16675 0.20470 0.18768 0.12850 0.10900 0.10100 0.09850 0.07100 0.10600 0.13700 0.11600 0.10500 0.13700 0.13400 0.12700 0.15300 0.09100
-9999 -9999 -9999 -9999 -9999 -9999 -9999 -9999 -9999 -9999 -9999 -9999 -9999 -9999 -9999 -9999 -9999 -9999 -9999 -9999 -9999 -9999 -9999 -9999 -9999 -9999 -9999 -9999 -9999 -9999 -9999 -9999 -9999 -9999 -9999 -9999 -9999 0.17600 0.11000 0.23690 0.05790 0.05760 0.05710 0.12190 0.23460 0.18170 0.19665 0.21160 0.28635 0.16445 0.14835 0.19895 0.16629 0.22425 0.25300 0.25415 0.07950 0.07900 0.08550 0.06800 0.07600 0.09800 0.09600 0.13200 0.10900 0.13470 0.10700 0.09300 0.11800
-9999 -9999 -9999 -9999 -9999 -9999 -9999 -9999 -9999 -9999 -9999 -9999 -9999 -9999 -9999 -9999 -9999 -9999 -9999 -9999 -9999 -9999 -9999 -9999 -9999 -9999 -9999 -9999 -9999 -9999 -9999 -9999 -9999 -9999 -9999 -9999 -9999 0.09500 0.11100 -9999 0.13800 0.18400 0.14720 0.14030 0.19205 0.25530 0.21735 0.16652 0.30360 0.14490 0.17135 0.19205 0.15985 0.20930 0.20470 0.21160 0.27485 0.21160 0.24150 0.12075 0.20700 0.07800 0.13500 0.12900 0.09400 0.13200 0.10700 0.12100 0.10400
-9999 -9999 -9999 -9999 -9999 -9999 -9999 -9999 -9999 -9999 -9999 -9999 -9999 -9999 -9999 -9999 -9999 -9999 -9999 -9999 -9999 -9999 -9999 -9999 -9999 -9999 -9999 -9999 -9999 -9999 -9999 -9999 -9999 -9999 -9999 -9999 -9999 -9999 -9999 -9999 0.12995 0.13915 0.14260 0.15410 0.18538 0.17825 0.22080 0.17595 0.20700 0.22080 0.14490 0.16560 0.19895 0.20240 0.18745 0.16778 0.18526 0.20240 0.17365 0.12995 0.20585 0.08000 0.11700 0.10300 0.10900 0.12300 0.09400 0.13400 0.11000
-9999 -9999 -9999 -9999 -9999 -9999 -9999 -9999 -9999 -9999 -9999 -9999 -9999 -9999 -9999 -9999 -9999 -9999 -9999 -9999 -9999 -9999 -9999 -9999 -9999 -9999 -9999 -9999 -9999 -9999 -9999 -9999 -9999 -9999 -9999 -9999 -9999 -9999 -9999 -9999 0.14490 0.14260 0.14662 0.16790 0.15237 0.16778 0.15640 0.16100 0.16744 0.17135 0.17940 0.20240 0.22770 0.18515 0.14691 0.19435 0.13110 0.20815 0.13455 0.11960 0.14605 0.07180 0.07700 0.10550 0.10900 0.09200 0.09900 0.11200 0.11300
-9999 -9999 -9999 -9999 -9999 -9999 -9999 -9999 -9999 -9999 -9999 -9999 -9999 -9999 -9999 -9999 -9999 -9999 -9999 -9999 -9999 -9999 -9999 -9999 -9999 -9999 -9999 -9999 -9999 -9999 -9999 -9999 -9999 -9999 -9999 -9999 -9999 -9999 -9999 -9999 0.12075 0.13225 0.09545 0.12765 0.14030 0.16100 0.16445 0.20585 0.13915 0.15870 0.14030 0.17825 0.18285 0.16445 0.14490 0.18630 0.08395 0.06325 0.13915 0.13225 0.19320 0.17825 0.06200 0.08200 0.08400 0.12700 0.12800 0.12700 0.13300
-9999 -9999 -9999 -9999 -9999 -9999 -9999 -9999 -9999 -9999 -9999 -9999 -9999 -9999 -9999 -9999 -9999 -9999 -9999 -9999 -9999 -9999 -9999 -9999 -9999 -9999 -9999 -9999 -9999 -9999 -9999 -9999 -9999 -9999 -9999 -9999 -9999 -9999 -9999 -9999 0.12075 0.12707 0.12592 0.10925 0.13225 0.20585 0.20585 0.15237 0.18630 0.16790 0.16675 0.14145 0.13455 0.14375 0.18630 0.05945 0.07360 0.12535 0.11845 0.14375 0.13455 0.13455 0.10900 0.10900 0.09300 0.10800 0.14900 0.14400 0.12100
-9999 -9999 -9999 -9999 -9999 -9999 -9999 -9999 -9999 -9999 -9999 -9999 -9999 -9999 -9999 -9999 -9999 -9999 -9999 -9999 -9999 -9999 -9999 -9999 -9999 -9999 -9999 -9999 -9999 -9999 -9999 -9999 -9999 -9999 -9999 -9999 -9999 -9999 -9999 -9999 0.07475 0.09775 0.11270 0.12650 0.15525 0.09545 0.11270 0.16640 0.12707 0.14605 0.12707 0.07475 0.12190 0.12075 0.09775 0.06060 0.08740 0.09775 0.09315 0.09545 0.13225 0.13340 0.07500 0.08900 0.09800 0.08800 0.10300 0.12900 0.10700
-9999 -9999 -9999 -9999 -9999 -9999 -9999 -9999 -9999 -9999 -9999 -9999 -9999 -9999 -9999 -9999 -9999 -9999 -9999 -9999 -9999 -9999 -9999 -9999 -9999 -9999 -9999 -9999 -9999 -9999 -9999 -9999 -9999 -9999 -9999 -9999 -9999 -9999 -9999 -9999 0.10925 0.08625 0.08625 0.06210 0.06210 0.13225 0.14490 0.12592 0.15295 0.08855 0.09085 0.12075 0.12075 0.11040 0.05991 0.05669 0.08280 0.08625 0.09775 0.09775 0.13685 0.11500 0.07550 0.07800 0.11600 0.09400 0.10600 0.14300 0.13300
-9999 -9999 -9999 -9999 -9999 -9999 -9999 -9999 -9999 -9999 -9999 -9999 -9999 -9999 -9999 -9999 -9999 -9999 -9999 -9999 -9999 -9999 -9999 -9999 -9999 -9999 -9999 -9999 -9999 -9999 -9999 -9999 -9999 -9999 -9999 -9999 -9999 -9999 -9999 -9999 0.07705 0.06670 0.07935 0.05520 0.08625 0.12650 0.12880 0.17940 0.11212 0.05186 0.05451 0.04623 0.04830 0.05865 0.05175 0.07590 0.07935 0.07820 0.11040 0.12880 0.17020 0.10350 0.06550 0.08100 0.09200 0.11100 0.09000 0.14800 0.11200
-9999 -9999 -9999 -9999 -9999 -9999 -9999 -9999 -9999 -9999 -9999 -9999 -9999 -9999 -9999 -9999 -9999 -9999 -9999 -9999 -9999 -9999 -9999 -9999 -9999 -9999 -9999 -9999 -9999 -9999 -9999 -9999 -9999 -9999 -9999 -9999 -9999 -9999 0.00000 0.00000 0.05405 0.06785 0.05531 0.09775 0.07245 0.15295 0.12477 0.09085 0.04623 0.06325 0.06785 0.06440 0.05980 0.06095 0.05290 0.07015 0.06221 0.06371 0.11385 0.12477 0.11155 0.05650 0.07700 0.07600 0.11300 0.10000 0.13400 0.11200 0.13400
-9999 -9999 -9999 -9999 -9999 -9999 -9999 -9999 -9999 -9999 -9999 -9999 -9999 -9999 -9999 -9999 -9999 -9999 -9999 -9999 -9999 -9999 -9999 -9999 -9999 -9999 -9999 -9999 -9999 -9999 -9999 -9999 -9999 -9999 -9999 -9999 -9999 -9999 0.07475 0.05980 0.05232 0.05600 0.06014 0.08280 0.12995 0.14260 0.12075 0.05094 0.05405 0.06095 0.05094 0.06325 0.05865 0.06325 0.05750 0.05980 0.07935 0.07015 0.09085 0.08280 0.04640 0.05700 0.07050 0.06450 0.09000 0.08200 0.08700 0.12400 0.07550
-9999 -9999 -9999 -9999 -9999 -9999 -9999 -9999 -9999 -9999 -9999 -9999 -9999 -9999 -9999 -9999 -9999 -9999 -9999 -9999 -9999 -9999 -9999 -9999 -9999 -9999 -9999 -9999 -9999 -9999 -9999 -9999 -9999 -9999 -9999 -9999 -9999 -9999 0.05681 0.05980 0.07130 0.06267 0.05554 0.11040 0.12190 0.08740 0.04795 0.05520 0.05980 0.04830 0.05290 0.05060 0.05646 0.05048 0.06026 0.08740 0.05922 0.04000 0.03950 0.04650 0.05700 0.04670 0.07300 0.08200 0.09300 0.07250 0.08900 0.06250 0.09800
-9999 -9999 -9999 -9999 -9999 -9999 -9999 -9999 -9999 -9999 -9999 -9999 -9999 -9999 -9999 -9999 -9999 -9999 -9999 -9999 -9999 -9999 -9999 -9999 -9999 -9999 -9999 -9999 -9999 -9999 -9999 -9999 -9999 -9999 -9999 -9999 -9999 0.05980 0.06325 0.08970 0.06670 0.07015 0.04830 0.06670 0.05025 0.04404 0.04025 0.04485 0.04255 0.05405 0.04600 0.06497 0.04301 0.04841 0.06026 0.05681 0.03500 0.03750 0.04030 0.04800 0.04000 0.04200 0.04580 0.05160 0.05400 0.07100 0.07100 0.05200 0.09400
-9999 -9999 -9999 -9999 -9999 -9999 -9999 -9999 -9999 -9999 -9999 -9999 -9999 -9999 -9999 -9999 -9999 -9999 -9999 -9999 -9999 -9999 -9999 -9999 -9999 -9999 -9999 -9999 -9999 -9999 -9999 -9999 -9999 -9999 -9999 -9999 0.05002 0.06670 0.08625 0.07590 0.06026 0.04830 0.05554 0.04657 0.05060 0.04071 0.04542 0.05060 0.04715 0.04427 0.04611 0.05784 0.05830 0.05416 0.05123 0.04565 0.03550 0.05692 0.06497 0.05807 0.04030 0.04800 0.04450 0.04620 0.00000 0.06850 0.06400 0.00000 0.06650
-9999 -9999 -9999 -9999 -9999 -9999 -9999 -9999 -9999 -9999 -9999 -9999 -9999 -9999 -9999 -9999 -9999 -9999 -9999 -9999 -9999 -9999 -9999 -9999 -9999 -9999 -9999 -9999 -9999 -9999 -9999 -9999 -9999 -9999 -9999 0.05106 0.07130 0.08740 0.07590 0.07360 0.05313 0.06095 0.05600 0.04531 0.06175 0.05175 0.04772 0.05347 0.04186 0.04151 0.04416 0.04496 0.04335 0.05181 0.04335 0.05577 0.06244 0.05865 0.07072 0.09200 0.08740 0.06198 0.06750 0.04620 0.00000 -9999 0.08200 0.06700 0.05240
-9999 -9999 -9999 -9999 -9999 -9999 -9999 -9999 -9999 -9999 -9999 -9999 -9999 -9999 -9999 -9999 -9999 -9999 -9999 -9999 -9999 -9999 -9999 -9999 -9999 -9999 -9999 -9999 -9999 -9999 -9999 -9999 0.05531 0.05244 0.05175 0.07590 0.06325 0.06210 0.06210 0.06267 0.06095 0.05025 0.04657 0.04738 0.04261 0.04427 0.05520 0.05911 0.03967 0.04278 0.04611 0.04197 0.04450 0.04795 0.04485 0.05209 0.04600 0.06440 0.08855 0.07302 0.07302 0.08740 0.06210 0.08510 0.04070 -9999 0.05200 0.04950 0.06480
