Analysis/inputs/017_mft_al50_asaq50/input/uga_beta.asc
ncols         121
nrows         127
xllcorner     118236.49319105
yllcorner     -163800.7987251
cellsize      5000
NODATA_value  -9999
[rows 60 to 89 of 127, columns 0 to 68 of 121]
-9999 -9999 -9999 -9999 -9999 -9999 -9999 -9999 -9999 -9999 -9999 -9999 -9999 -9999 -9999 -9999 -9999 -9999 -9999 -9999 -9999 -9999 -9999 -9999 -9999 -9999 -9999 -9999 -9999 -9999 0.05117 0.04761 0.06129 0.04715 0.06325 0.07015 0.07475 0.08625 0.07590 0.06382 0.04807 0.05347 0.04772 0.05175 0.03795 0.04416 0.04220 0.04278 0.04738 0.04335 0.04864 0.05083 0.05911 0.06129 0.04974 0.05290 0.06727 0.06164 0.07072 0.07015 0.10695 0.09660 0.09775 0.08222 0.08280 0.04700 0.07450 0.05450 0.05750
-9999 -9999 -9999 -9999 -9999 -9999 -9999 -9999 -9999 -9999 -9999 -9999 -9999 -9999 -9999 -9999 -9999 -9999 -9999 -9999 -9999 -9999 -9999 -9999 -9999 -9999 -9999 -9999 -9999 -9999 0.05577 0.06670 0.05267 0.06497 0.05980 0.05865 0.08165 0.07015 0.05255 0.06325 0.05152 0.05198 0.04117 0.04485 0.04416 0.04427 0.04312 0.04945 0.04151 0.03795 0.04278 0.04830 0.04853 0.05290 0.04715 0.04968 0.05232 0.07245 0.06382 0.07705 0.06670 0.12075 0.07590 0.10120 0.10925 0.07475 0.00000 0.04620 0.06350
-9999 -9999 -9999 -9999 -9999 -9999 -9999 -9999 -9999 -9999 -9999 -9999 -9999 -9999 -9999 -9999 -9999 -9999 -9999 -9999 -9999 -9999 -9999 -9999 -9999 -9999 -9999 -9999 0.00000 0.05301 0.04370 0.04646 0.04807 0.06026 0.05439 0.05865 0.06210 0.06325 0.04715 0.03714 0.04370 0.04025 0.04036 0.04025 0.03795 0.05301 0.04646 0.04864 0.05485 0.04278 0.03714 0.04416 0.04427 0.04140 0.04945 0.04945 0.06037 0.04945 0.05232 0.05347 0.07475 0.08510 0.06727 0.11385 0.10235 0.09890 0.10810 -9999 -9999
-9999 -9999 -9999 -9999 -9999 -9999 -9999 -9999 -9999 -9999 -9999 -9999 -9999 -9999 -9999 -9999 -9999 -9999 -9999 -9999 -9999 -9999 -9999 -9999 -9999 -9999 -9999 -9999 0.03502 0.04738 0.05485 0.04025 0.03680 0.04335 0.05083 0.04807 0.06440 0.05405 0.05175 0.04117 0.04312 0.04381 0.04025 0.04151 0.04255 0.03795 0.05301 0.04186 0.04427 0.05715 0.03473 0.04427 0.04715 0.05577 0.05083 0.05405 0.04945 0.05462 0.05060 0.05865 0.05290 0.07216 0.08395 0.06727 0.09430 0.09315 0.07992 0.13340 0.13570
-9999 -9999 -9999 -9999 -9999 -9999 -9999 -9999 -9999 -9999 -9999 -9999 -9999 -9999 -9999 -9999 -9999 -9999 -9999 -9999 -9999 -9999 -9999 -9999 -9999 -9999 -9999 0.06026 0.04772 0.05198 0.04634 0.04979 0.05899 0.07820 0.04726 0.05117 0.05175 0.06210 0.04830 0.04968 0.05520 0.04761 0.04416 0.05980 0.06152 0.03829 0.05290 0.03473 0.04025 0.04427 0.04025 0.03622 0.04715 0.05071 0.05232 0.05232 0.04910 0.05577 0.05209 0.07245 0.06497 0.07187 0.08855 0.09200 0.09660 0.11270 0.11385 0.07417 0.11040
-9999 -9999 -9999 -9999 -9999 -9999 -9999 -9999 -9999 -9999 -9999 -9999 -9999 -9999 -9999 -9999 -9999 -9999 -9999 -9999 -9999 -9999 -9999 -9999 -9999 -9999 0.05094 0.04485 0.06325 0.06210 0.06060 0.05491 0.04646 0.06371 0.04899 0.05060 0.04830 0.05002 0.04680 0.04335 0.04025 0.03795 0.05060 0.04933 0.05577 0.04542 0.04657 0.05175 0.05175 0.05290 0.04370 0.05175 0.05290 0.04715 0.04399 0.04956 0.05462 0.04657 0.05083 0.06037 0.06727 0.08625 0.07245 0.04830 0.07590 0.09200 0.10350 0.12190 0.10925
-9999 -9999 -9999 -9999 -9999 -9999 -9999 -9999 -9999 -9999 -9999 -9999 -9999 -9999 -9999 -9999 -9999 -9999 -9999 -9999 -9999 -9999 -9999 -9999 -9999 0.04071 0.04025 0.06210 0.05336 0.04772 0.06440 0.05899 0.04634 0.05060 0.05123 0.04749 0.05002 0.04025 0.06129 0.04059 0.04117 0.04117 0.04370 0.05117 0.05117 0.05117 0.06210 0.05405 0.04715 0.05025 0.05002 0.05175 0.05347 0.04876 0.05980 0.05083 0.06037 0.05083 0.04968 0.06382 0.05209 0.06325 0.06371 0.06785 0.06382 0.11155 0.08165 0.08855 0.10120
-9999 -9999 -9999 -9999 -9999 -9999 -9999 -9999 -9999 -9999 -9999 -9999 -9999 -9999 -9999 -9999 -9999 -9999 -9999 -9999 -9999 -9999 -9999 -9999 -9999 0.04795 0.03795 0.06382 0.05175 0.04600 0.05002 0.05290 0.04646 0.04404 0.04623 0.04795 0.03967 0.04025 0.04128 0.04646 0.04715 0.04623 0.04508 0.04657 0.04531 0.04399 0.04945 0.05635 0.05980 0.05025 0.04485 0.04197 0.05175 0.04370 0.05175 0.05980 0.06348 0.04968 0.04715 0.06348 0.04370 0.05209 0.06359 0.05635 0.07216 0.08510 0.06325 0.07935 0.10695
-9999 -9999 -9999 -9999 -9999 -9999 -9999 -9999 -9999 -9999 -9999 -9999 -9999 -9999 -9999 -9999 -9999 0.02875 0.02829 0.03680 0.03887 -9999 -9999 -9999 0.04738 0.04335 0.05290 0.04025 0.04186 0.03266 0.05347 0.04519 0.04025 0.04151 0.05520 0.04991 0.04266 0.04255 0.04232 0.04910 0.05060 0.04036 0.04485 0.05060 0.04715 0.04025 0.04399 0.05577 0.04715 0.05577 0.04600 0.05175 0.05175 0.05175 0.03898 0.05175 0.04140 0.05117 0.05405 0.04945 0.05577 0.04910 0.04255 0.05807 0.06612 0.05347 0.08165 0.08395 0.08625
-9999 -9999 -9999 -9999 -9999 -9999 -9999 -9999 -9999 -9999 -9999 -9999 -9999 -9999 -9999 0.02725 0.03795 0.03622 0.03795 0.02990 0.03289 -9999 -9999 0.04416 0.04531 0.04048 0.04945 0.04427 0.04427 0.04117 0.03795 0.04255 0.04312 0.04772 0.04485 0.04807 0.04600 0.04266 0.04462 0.04025 0.03967 0.03680 0.05060 0.04025 0.05520 0.05060 0.05290 0.04600 0.03622 0.04600 0.05175 0.05002 0.04025 0.05347 0.05347 0.06957 0.06957 0.05209 0.05405 0.05071 0.05094 0.05060 0.05106 0.06497 0.05232 0.06785 0.07705 0.09085 0.10350
-9999 -9999 -9999 -9999 -9999 -9999 -9999 -9999 -9999 -9999 -9999 -9999 -9999 -9999 -9999 0.03979 0.03392 0.02990 0.03519 0.04082 0.02806 0.03622 -9999 0.03254 0.05175 0.03392 0.04094 0.04312 0.04830 0.04485 0.04370 0.05060 0.04945 0.04025 0.04807 0.04830 0.05175 0.04761 0.04646 0.03795 0.04318 0.04002 0.03680 0.04577 0.04117 0.04485 0.04715 0.05290 0.06210 0.05175 0.04485 0.05175 0.04025 0.04427 0.05175 0.05175 0.04715 0.04025 0.04968 0.05577 0.05618 0.05618 0.04945 0.06359 0.05980 0.04830 0.09315 0.06670 0.08567
-9999 -9999 -9999 -9999 -9999 -9999 -9999 -9999 -9999 -9999 -9999 -9999 -9999 -9999 -9999 0.03335 0.03174 0.02990 0.03622 0.03392 0.03519 0.03392 0.03438 0.04715 0.04232 0.04473 0.04025 0.04082 0.04830 0.05060 0.04473 0.05140 0.05278 0.05175 0.04715 0.04600 0.04542 0.04600 0.04496 0.04335 0.04289 0.04370 0.04416 0.03473 0.04830 0.04128 0.04508 0.04554 0.05347 0.05175 0.05175 0.04370 0.03680 0.04255 0.04025 0.04025 0.04542 0.05980 0.05577 0.05071 0.05405 0.04945 0.06555 0.06325 0.07877 0.06957 0.06382 0.06842 0.09315
-9999 -9999 -9999 -9999 -9999 -9999 -9999 -9999 -9999 -9999 -9999 -9999 -9999 -9999 0.03634 0.04082 0.03921 0.03392 0.02932 0.03392 0.03634 0.03691 0.04025 0.04715 0.05060 0.04370 0.04715 0.05060 0.05060 0.05290 0.05267 0.03967 0.04358 0.04232 0.04450 0.03852 0.04600 0.03967 0.04542 0.04358 0.04025 0.04427 0.04025 0.04117 0.04772 0.05060 0.04117 0.05060 0.04370 0.05175 0.04772 0.04025 0.04025 0.05175 0.05002 0.04312 0.05025 0.04974 0.05405 0.05405 0.05209 0.05060 0.06727 0.05807 0.06095 0.07245 0.07216 0.06785 0.07647
-9999 -9999 -9999 -9999 -9999 -9999 -9999 -9999 -9999 -9999 -9999 -9999 -9999 -9999 0.02990 0.03289 0.03404 0.03852 0.03565 0.03818 0.04542 0.03105 0.03910 0.04232 0.04542 0.04266 0.05060 0.04140 0.04600 0.04266 0.04531 0.04991 0.04473 0.04473 0.04600 0.04082 0.04002 0.04416 0.04025 0.04738 0.03335 0.04715 0.05060 0.04370 0.05175 0.04278 0.04600 0.04485 0.04542 0.04255 0.03680 0.04427 0.05175 0.05175 0.04025 0.04370 0.04945 0.04600 0.05290 0.06382 0.05980 0.06037 0.05405 0.05807 0.07159 0.06555 0.06095 0.05347 0.06152
-9999 -9999 -9999 -9999 -9999 -9999 -9999 -9999 -9999 -9999 -9999 -9999 -9999 0.03921 0.03404 0.03852 0.03622 0.03622 0.04082 0.03576 0.03507 0.03335 0.03576 0.03760 0.04427 0.04243 0.04485 0.04600 0.04025 0.04117 0.04600 0.04991 0.05198 0.04312 0.05232 0.04427 0.04485 0.05232 0.04427 0.04427 0.03795 0.04025 0.04577 0.04140 0.04025 0.03898 0.04025 0.04600 0.04479 0.04082 0.04623 0.04025 0.04025 0.05002 0.05175 0.05175 0.05175 0.04485 0.04140 0.05175 0.04399 0.05618 0.05175 0.05807 0.05865 0.06612 0.06785 0.07935 0.07532
-9999 -9999 -9999 -9999 -9999 -9999 -9999 -9999 -9999 -9999 0.04427 0.04485 0.04013 0.03415 0.03415 0.03392 0.03737 0.03392 0.03841 0.03841 0.03335 0.03427 0.03335 0.03266 0.03318 0.03335 0.03392 0.04105 0.04427 0.03795 0.05520 0.04450 0.04381 0.05865 0.04416 0.03795 0.04427 0.04025 0.04140 0.03795 0.04140 0.03335 0.04588 0.04048 0.04025 0.04025 0.03921 0.03967 0.03921 0.04623 0.04542 0.04278 0.05002 0.05175 0.05002 0.04370 0.05117 0.04427 0.04427 0.04715 0.05232 0.05290 0.05002 0.05175 0.04140 0.04715 0.07072 0.07935 0.05980
-9999 -9999 -9999 -9999 -9999 -9999 -9999 -9999 -9999 0.05520 0.04140 0.03438 0.03404 0.03760 0.03312 0.03565 0.03634 0.03622 0.03530 0.04082 0.03645 0.03266 0.03277 0.03266 0.03185 0.03611 0.03703 0.03507 0.03507 0.05048 0.05140 0.04692 0.04025 0.03910 0.03358 0.05232 0.04623 0.04715 0.04025 0.04335 0.04623 0.04715 0.04025 0.04002 0.03565 0.04542 0.04048 0.03921 0.03921 0.03795 0.03795 0.03967 0.04623 0.04025 0.05175 0.04370 0.04370 0.05175 0.05002 0.04600 0.05577 0.05232 0.05635 0.05175 0.04548 0.04197 0.07302 0.06325 0.07072
-9999 -9999 -9999 -9999 -9999 -9999 -9999 -9999 -9999 0.04715 0.03450 0.03910 0.04163 0.03277 0.03415 0.03530 0.03151 0.03335 0.03300 0.03266 0.03881 0.03162 0.03220 0.03335 0.03507 0.03645 0.03404 0.03266 0.03645 0.03410 0.04634 0.04600 0.03220 0.04128 0.03266 0.05232 0.04358 0.03737 0.04025 0.03335 0.03852 0.04715 0.04312 0.03933 0.04255 0.04025 0.04577 0.04715 0.04439 0.03565 0.04140 0.03760 0.04473 0.04542 0.04427 0.04025 0.03680 0.05025 0.04427 0.04646 0.04715 0.05865 0.04945 0.06152 0.05290 0.05807 0.06210 0.07015 0.06842
-9999 -9999 -9999 -9999 -9999 -9999 -9999 -9999 -9999 0.04255 0.03565 0.03335 0.03703 0.02990 0.03220 0.03450 0.03266 0.03530 0.03507 0.03415 0.03151 0.03496 0.03415 0.03645 0.04140 0.04163 0.04140 0.03415 0.03565 0.03910 0.03599 0.03795 0.04427 0.03795 0.03266 0.04140 0.03852 0.04623 0.04577 0.04094 0.04715 0.04117 0.04577 0.04450 0.03841 0.03921 0.04255 0.03841 0.04140 0.03921 0.04347 0.04473 0.03818 0.04013 0.03910 0.03841 0.04600 0.04399 0.05175 0.04548 0.04657 0.06210 0.05405 0.06325 0.05290 0.04715 0.06555 0.07107 0.07360
-9999 -9999 -9999 -9999 -9999 -9999 -9999 -9999 -9999 0.03680 0.03691 0.00000 0.02806 0.03289 0.03691 0.02990 0.02875 0.03300 0.03277 0.03220 0.03047 0.03392 0.03565 0.03266 0.03542 0.03277 0.03680 0.03300 0.03795 0.03185 0.03507 0.03266 0.03737 0.04140 0.04496 0.04542 0.04416 0.05520 0.04577 0.04657 0.04370 0.04370 0.03795 0.04048 0.04600 0.04519 0.03680 0.03967 0.03979 0.03898 0.04140 0.04519 0.04600 0.04025 0.03967 0.04600 0.04370 0.04370 0.04577 0.04358 0.04128 0.05175 0.05865 0.06095 0.06325 0.05865 0.06210 0.06325 0.06785
-9999 -9999 -9999 -9999 -9999 -9999 -9999 -9999 -9999 0.03335 0.03565 0.00000 0.03001 0.03611 0.04082 0.03680 0.03714 0.02863 0.03576 0.03162 0.03335 0.03404 0.03162 0.03571 0.03634 0.03760 0.03507 0.03496 0.03841 0.03507 0.03565 0.03565 0.03737 0.03162 0.03277 0.03208 0.03266 0.05175 0.05060 0.04370 0.04519 0.04140 0.04439 0.04002 0.04450 0.04600 0.04255 0.03921 0.04623 0.03898 0.04255 0.04519 0.04025 0.03806 0.05002 0.04439 0.04255 0.04600 0.04600 0.03898 0.04117 0.05117 0.05117 0.06325 0.05175 0.04358 0.05175 0.07417 0.05750
-9999 -9999 -9999 -9999 -9999 -9999 -9999 -9999 -9999 0.03565 0.00000 0.00000 0.02760 0.03335 0.03910 0.03910 0.03852 0.03507 0.04013 0.03565 0.03450 0.03220 0.03450 0.03450 0.03507 0.03266 0.03392 0.03576 0.03507 0.03220 0.04255 0.03507 0.04255 0.03703 0.03507 0.03760 0.03795 0.03220 0.04600 0.03680 0.03737 0.03841 0.03841 0.04623 0.04450 0.04588 0.04370 0.04370 0.04140 0.04255 0.03795 0.04439 0.04370 0.04025 0.04197 0.03990 0.04588 0.05060 0.04427 0.04140 0.04830 0.05175 0.04657 0.05175 0.06095 0.04600 0.04945 0.07590 0.06267
-9999 -9999 -9999 -9999 -9999 -9999 -9999 -9999 -9999 0.00000 0.00000 0.03266 0.03565 0.03622 0.04048 0.03691 0.03300 0.03622 0.03898 0.04485 0.03967 0.03266 0.03967 0.03300 0.03346 0.03576 0.03220 0.03335 0.03335 0.03703 0.03542 0.03220 0.03151 0.03967 0.03530 0.03047 0.03162 0.05520 0.04255 0.04370 0.04427 0.04255 0.04255 0.04611 0.03841 0.04048 0.04140 0.04450 0.04588 0.03910 0.03795 0.04255 0.04439 0.04255 0.04255 0.04255 0.03910 0.04715 0.03047 0.02898 0.03335 0.02840 0.02875 0.02875 0.02944 0.02875 0.03024 0.02875 0.02691
-9999 -9999 -9999 -9999 -9999 -9999 -9999 -9999 -9999 0.00000 0.00000 0.03335 0.03473 0.04025 0.03450 0.03576 0.03530 0.03576 0.04025 0.04370 0.03680 0.03266 0.03576 0.03910 0.03967 0.03450 0.03881 0.03220 0.03047 0.03565 0.03507 0.03266 0.03047 0.03473 0.03703 0.04680 0.04680 0.05290 0.04255 0.04485 0.04715 0.04439 0.04002 0.04577 0.04772 0.04048 0.04002 0.04094 0.03898 0.04542 0.04542 0.04611 0.04255 0.03921 0.04266 0.04002 0.04588 0.04600 0.02783 0.02840 0.02840 0.02840 0.02898 0.02898 0.02955 0.02702 0.02875 0.02748 0.02645
-9999 -9999 -9999 -9999 -9999 -9999 -9999 -9999 0.00000 0.00000 0.00000 0.03277 0.03634 0.03990 0.03714 0.03542 0.03507 0.03507 0.03795 0.04542 0.03622 0.03335 0.03312 0.03726 0.03875 0.03473 0.03680 0.03634 0.03335 0.03473 0.02760 0.03507 0.03576 0.03427 0.03496 0.04128 0.05060 0.05290 0.04324 0.04715 0.04036 0.04140 0.03841 0.03898 0.04370 0.05175 0.03852 0.04140 0.04577 0.04013 0.03737 0.03910 0.03335 0.03921 0.04255 0.04312 0.03841 0.04577 0.05060 0.02990 0.02783 0.02840 0.02817 0.02955 0.02955 0.02760 0.02817 0.02691 0.02702
-9999 -9999 -9999 -9999 -9999 -9999 -9999 0.00000 0.00000 0.00000 0.03151 0.03312 0.03714 0.03542 0.03335 0.03519 0.04255 0.04657 0.03565 0.03151 0.02921 0.03346 0.03795 0.03795 0.03381 0.03404 0.03680 0.03404 0.04140 0.03726 0.03335 0.03542 0.03404 0.03461 0.05290 0.04945 0.04945 0.05290 0.04830 0.04600 0.05060 0.04600 0.04715 0.04399 0.04715 0.04002 0.04312 0.04715 0.04600 0.04600 0.03910 0.03795 0.04255 0.03565 0.03852 0.03565 0.04439 0.04140 0.04657 0.05175 0.02990 0.03335 0.02817 0.02955 0.02760 0.02668 0.02610 0.02702 0.02691
-9999 -9999 -9999 -9999 -9999 -9999 -9999 0.00000 0.00000 0.00000 0.03841 0.03565 0.03645 0.03622 0.03404 0.03576 0.03852 0.04025 0.03507 0.04140 0.03910 0.03576 0.03875 0.03645 0.03450 0.03680 0.03806 0.03369 0.03668 0.03335 0.03680 0.03381 0.03645 0.03990 0.03162 0.04588 0.05520 0.04485 0.04715 0.05865 0.04399 0.04715 0.05405 0.06957 0.03174 0.04427 0.04427 0.05290 0.04485 0.04255 0.04370 0.04370 0.06957 0.04485 0.03760 0.04439 0.04255 0.04255 0.04105 0.04548 0.03335 0.03335 0.02898 0.02817 0.02760 0.02645 0.00000 0.02760 0.02645
-9999 -9999 -9999 -9999 -9999 -9999 -9999 0.00000 0.00000 0.00000 0.02886 0.03691 0.02921 0.03967 0.03565 0.02702 0.04082 0.04600 0.03277 0.03795 0.03967 0.03910 0.02886 0.04427 0.04013 0.03852 0.03565 0.02886 0.03634 0.03726 0.03300 0.03450 0.03680 0.03680 0.04715 0.05060 0.04974 0.05635 0.06382 0.05117 0.05175 0.03174 0.03174 0.03174 0.03622 0.03174 0.04427 0.04485 0.04025 0.03795 0.04370 0.05175 0.04542 0.03818 0.04542 0.04600 0.04623 0.04278 0.04646 0.02783 0.02990 0.03105 0.02840 0.02737 0.02760 0.02622 0.00000 0.02760 0.00000
-9999 -9999 -9999 -9999 -9999 -9999 0.00000 0.00000 0.00000 0.00000 0.03266 0.03611 0.03525 0.04427 0.03795 0.04025 0.04140 0.04715 0.03622 0.03300 0.03990 0.03680 0.03910 0.03634 0.03404 0.02886 0.03565 0.03289 0.03392 0.03450 0.03680 0.03967 0.04002 0.05060 0.04968 0.04715 0.04715 0.04657 0.04399 0.03622 0.03622 0.03622 0.03622 0.03622 0.03622 0.03174 0.03622 0.03174 0.04025 0.03174 0.02760 0.03335 0.03806 0.04025 0.04025 0.02852 0.02990 0.04324 0.03047 0.02645 0.02990 0.02817 0.02829 0.02875 0.02760 0.02656 0.02530 0.02760 0.00000
-9999 -9999 -9999 -9999 -9999 -9999 0.00000 0.00000 0.00000 0.03852 0.03979 0.03714 0.03519 0.04657 0.03634 0.05865 0.04715 0.03910 0.03576 0.04174 0.03162 0.03726 0.03806 0.03795 0.03726 0.04945 0.03967 0.03392 0.03634 0.03726 0.03335 0.03565 0.06290 0.05865 0.03622 0.02990 0.04399 0.04945 0.04140 0.03622 0.03622 0.03622 0.03622 0.03622 0.03622 0.03622 0.03335 0.03174 0.03174 0.02852 0.03335 0.02990 0.02852 0.02852 0.02852 0.02645 0.02990 0.02645 0.02875 0.02852 0.02990 0.02576 0.03335 0.02760 0.02967 0.02645 0.02610 0.02656 0.04945
