Analysis/inputs/022_mft_asaq50_dhappq50/input/uga_init_pop.asc
ncols         121
nrows         127
xllcorner     118236.49319105
yllcorner     -163800.7987251
cellsize      5000
NODATA_value  -9999
[rows 37 to 73 of 127, columns 0 to 82 of 121]
-9999 -9999 -9999 -9999 -9999 -9999 -9999 -9999 -9999 -9999 -9999 -9999 -9999 -9999 -9999 -9999 -9999 -9999 -9999 -9999 -9999 -9999 -9999 -9999 -9999 -9999 2738 4390 3945 5362 5314 1555 1935 2509 2691 972 2002 2819 1769 1836 3599 4870 458 280 211 228 246 228 271 441 851 794 3574 4052 1568 640 689 905 1426 1469 1528 2849 3699 3061 2146 2154 2318 3481 3066 3602 4632 5202 4539 5116 3335 1665 1340 1392 2364 1880 1584 1148 1350
-9999 -9999 -9999 -9999 -9999 -9999 -9999 -9999 -9999 -9999 -9999 -9999 -9999 -9999 -9999 -9999 -9999 -9999 -9999 -9999 -9999 -9999 -9999 -9999 -9999 -9999 -9999 4848 5436 8081 5398 2248 2009 5124 6132 2572 3626 1704 1002 1025 1191 5511 1945 392 311 285 266 176 205 319 1724 1622 2520 2026 1121 484 629 588 935 1300 1421 1924 3454 3634 3590 3926 2404 2491 3251 5879 5461 5152 4868 3996 4060 3568 4396 3551 1361 1106 1090 1291 2458
-9999 -9999 -9999 -9999 -9999 -9999 -9999 -9999 -9999 -9999 -9999 -9999 -9999 -9999 -9999 -9999 -9999 -9999 -9999 -9999 -9999 -9999 -9999 -9999 -9999 -9999 3454 4730 5590 4504 5862 4040 3118 16852 10565 5256 4511 1820 2400 2808 1416 3009 17501 7606 802 335 479 186 179 251 336 795 1524 851 469 362 429 638 814 1535 1960 2576 8030 2562 2746 4728 3818 4185 3728 4501 5122 4484 4740 3789 6261 4586 2844 3511 1974 1554 2168 1466 1791
-9999 -9999 -9999 -9999 -9999 -9999 -9999 -9999 -9999 -9999 -9999 -9999 -9999 -9999 -9999 -9999 -9999 -9999 -9999 -9999 -9999 -9999 -9999 -9999 -9999 -9999 -9999 -9999 4571 5712 7955 28636 6344 4504 5764 5184 7108 2068 1370 1074 1578 3992 3454 1558 684 409 385 332 360 279 204 220 219 258 399 390 596 555 800 2409 2835 3262 6145 2855 2712 2904 3335 6404 4726 3282 4109 6512 5699 4765 4746 5630 3541 3469 2968 2215 1620 2328 2309
-9999 -9999 -9999 -9999 -9999 -9999 -9999 -9999 -9999 -9999 -9999 -9999 -9999 -9999 -9999 -9999 -9999 -9999 -9999 -9999 -9999 -9999 -9999 -9999 -9999 -9999 -9999 -9999 1942 6365 -9999 -9999 5679 5249 6352 5609 5378 2096 1858 1506 1311 4691 1624 605 469 705 629 819 396 186 251 230 309 330 496 621 732 474 679 2798 3090 2510 3116 2148 4978 5846 4252 3402 3901 4835 6469 4862 4778 5044 6469 4778 4296 3709 3085 2339 2021 3122 971
-9999 -9999 -9999 -9999 -9999 -9999 -9999 -9999 -9999 -9999 -9999 -9999 -9999 -9999 -9999 -9999 -9999 -9999 -9999 -9999 -9999 -9999 -9999 -9999 -9999 -9999 -9999 -9999 -9999 2719 -9999 -9999 -9999 4892 11078 6346 7212 2532 1048 1665 2284 1204 464 608 661 879 838 389 272 289 394 404 566 681 670 694 962 522 485 1616 3430 2765 3135 2122 3906 3808 3015 2859 3550 6580 3842 3630 4344 5110 7174 6174 4879 3359 2536 2265 2714 2460 1099
-9999 -9999 -9999 -9999 -9999 -9999 -9999 -9999 -9999 -9999 -9999 -9999 -9999 -9999 -9999 -9999 -9999 -9999 -9999 -9999 -9999 -9999 -9999 -9999 -9999 -9999 -9999 -9999 -9999 -9999 -9999 -9999 -9999 -9999 7622 5946 11461 3671 1956 1699 168 285 290 491 2081 769 544 568 350 345 438 779 855 582 548 608 672 690 684 1810 3432 3592 3338 3166 2709 3346 3695 4096 3688 6312 6369 4392 5339 7316 10412 5926 3816 4129 3059 3370 5060 2786 2106
-9999 -9999 -9999 -9999 -9999 -9999 -9999 -9999 -9999 -9999 -9999 -9999 -9999 -9999 -9999 -9999 -9999 -9999 -9999 -9999 -9999 -9999 -9999 -9999 -9999 -9999 -9999 -9999 -9999 -9999 -9999 -9999 -9999 -9999 -9999 -9999 -9999 5925 8404 680 844 409 499 1241 1672 445 545 536 341 385 601 1330 955 561 598 678 1168 2710 1088 7438 7460 12288 3855 2334 3481 6008 4969 2950 3649 3750 4339 4564 6759 49132 37852 5298 3931 4232 4341 3539 5362 4262 3208
-9999 -9999 -9999 -9999 -9999 -9999 -9999 -9999 -9999 -9999 -9999 -9999 -9999 -9999 -9999 -9999 -9999 -9999 -9999 -9999 -9999 -9999 -9999 -9999 -9999 -9999 -9999 -9999 -9999 -9999 -9999 -9999 -9999 -9999 -9999 -9999 -9999 3371 3908 -9999 2844 1768 2126 3675 779 461 465 399 314 389 556 805 522 421 471 458 794 1380 1220 3211 3041 4958 4016 3149 2986 3389 3125 5965 4281 4366 5029 4519 4861 13025 15254 4455 3928 3839 3470 3141 3099 3155 3568
-9999 -9999 -9999 -9999 -9999 -9999 -9999 -9999 -9999 -9999 -9999 -9999 -9999 -9999 -9999 -9999 -9999 -9999 -9999 -9999 -9999 -9999 -9999 -9999 -9999 -9999 -9999 -9999 -9999 -9999 -9999 -9999 -9999 -9999 -9999 -9999 -9999 -9999 -9999 -9999 5112 3012 3591 2969 526 390 426 969 396 514 535 1102 484 432 402 474 605 672 1664 3420 2385 1870 1784 2119 2418 2749 2689 3539 4245 4706 4054 3861 5152 4735 6982 4500 4089 3231 2635 2748 3205 5141 3906
-9999 -9999 -9999 -9999 -9999 -9999 -9999 -9999 -9999 -9999 -9999 -9999 -9999 -9999 -9999 -9999 -9999 -9999 -9999 -9999 -9999 -9999 -9999 -9999 -9999 -9999 -9999 -9999 -9999 -9999 -9999 -9999 -9999 -9999 -9999 -9999 -9999 -9999 -9999 -9999 1891 5294 1318 1284 295 241 298 358 261 355 339 476 436 410 409 475 666 820 3905 2284 2629 2339 1651 2174 2714 4179 2916 2549 4636 3349 3006 3090 3926 3914 5411 4168 4594 3359 3122 2680 3159 5398 5870
-9999 -9999 -9999 -9999 -9999 -9999 -9999 -9999 -9999 -9999 -9999 -9999 -9999 -9999 -9999 -9999 -9999 -9999 -9999 -9999 -9999 -9999 -9999 -9999 -9999 -9999 -9999 -9999 -9999 -9999 -9999 -9999 -9999 -9999 -9999 -9999 -9999 -9999 -9999 -9999 406 2230 1061 1532 458 215 206 270 300 302 318 394 408 420 528 529 651 912 2399 1885 1988 1800 2950 2146 2459 4594 2645 2845 4562 3906 3544 3141 3055 2909 2580 3652 2858 3496 2976 3022 3684 3920 4594
-9999 -9999 -9999 -9999 -9999 -9999 -9999 -9999 -9999 -9999 -9999 -9999 -9999 -9999 -9999 -9999 -9999 -9999 -9999 -9999 -9999 -9999 -9999 -9999 -9999 -9999 -9999 -9999 -9999 -9999 -9999 -9999 -9999 -9999 -9999 -9999 -9999 -9999 -9999 -9999 42 1478 1260 1192 474 252 266 534 404 281 304 350 384 431 490 745 1632 1619 1922 1670 1225 1592 2505 2018 2738 5639 4362 2765 2531 4419 6035 3256 4944 3058 2038 2664 2241 1964 3210 3624 4599 3994 4005
-9999 -9999 -9999 -9999 -9999 -9999 -9999 -9999 -9999 -9999 -9999 -9999 -9999 -9999 -9999 -9999 -9999 -9999 -9999 -9999 -9999 -9999 -9999 -9999 -9999 -9999 -9999 -9999 -9999 -9999 -9999 -9999 -9999 -9999 -9999 -9999 -9999 -9999 -9999 -9999 68 949 731 462 431 362 295 664 466 389 360 341 379 348 414 1134 3145 8496 2565 1176 928 1471 2788 1608 2885 8150 6880 3180 2589 5548 4822 3079 4236 2540 2812 4761 4628 2735 3282 3695 4091 4071 6474
-9999 -9999 -9999 -9999 -9999 -9999 -9999 -9999 -9999 -9999 -9999 -9999 -9999 -9999 -9999 -9999 -9999 -9999 -9999 -9999 -9999 -9999 -9999 -9999 -9999 -9999 -9999 -9999 -9999 -9999 -9999 -9999 -9999 -9999 -9999 -9999 -9999 -9999 -9999 -9999 25 2241 1028 515 390 260 379 672 606 751 531 608 824 720 766 1625 7249 15281 5480 1121 791 1050 1939 3538 2385 2888 2049 2249 3094 4331 3921 3428 3251 3078 3631 3708 1025 2994 3788 5099 6501 3329 5230
-9999 -9999 -9999 -9999 -9999 -9999 -9999 -9999 -9999 -9999 -9999 -9999 -9999 -9999 -9999 -9999 -9999 -9999 -9999 -9999 -9999 -9999 -9999 -9999 -9999 -9999 -9999 -9999 -9999 -9999 -9999 -9999 -9999 -9999 -9999 -9999 -9999 -9999 -9999 -9999 1992 3788 2289 751 260 224 422 895 1335 2788 1558 1871 2812 2404 2032 6279 1686 1402 1249 542 591 1092 2524 1771 2260 2229 2708 1915 2354 3641 3759 3186 3191 3774 3421 774 3151 4982 4399 3562 4426 3651 4708
-9999 -9999 -9999 -9999 -9999 -9999 -9999 -9999 -9999 -9999 -9999 -9999 -9999 -9999 -9999 -9999 -9999 -9999 -9999 -9999 -9999 -9999 -9999 -9999 -9999 -9999 -9999 -9999 -9999 -9999 -9999 -9999 -9999 -9999 -9999 -9999 -9999 -9999 128 324 3886 1460 716 374 286 239 758 1971 1856 2921 2492 3489 3862 3408 3676 2566 1518 578 411 526 781 2958 2260 1051 1342 2251 1685 1361 1665 2111 2912 740 432 1514 1419 1022 4464 3886 4851 4080 4092 3245 3300
-9999 -9999 -9999 -9999 -9999 -9999 -9999 -9999 -9999 -9999 -9999 -9999 -9999 -9999 -9999 -9999 -9999 -9999 -9999 -9999 -9999 -9999 -9999 -9999 -9999 -9999 -9999 -9999 -9999 -9999 -9999 -9999 -9999 -9999 -9999 -9999 -9999 -9999 469 6608 4871 1399 576 468 462 346 1116 4376 2354 2465 2712 5989 4968 6144 13832 2520 920 655 721 888 1881 1384 1532 828 1075 1030 1082 1199 1885 965 1015 211 2708 899 621 670 1746 3520 3574 4304 3705 2849 2928
-9999 -9999 -9999 -9999 -9999 -9999 -9999 -9999 -9999 -9999 -9999 -9999 -9999 -9999 -9999 -9999 -9999 -9999 -9999 -9999 -9999 -9999 -9999 -9999 -9999 -9999 -9999 -9999 -9999 -9999 -9999 -9999 -9999 -9999 -9999 -9999 -9999 -9999 582 2775 5726 5080 1750 809 556 435 1780 5449 3058 3128 2100 2259 1570 1945 1690 1899 1212 1376 1536 1035 716 630 1744 1121 1215 1318 1180 1502 1616 125 29 986 3934 3742 3019 1926 2502 4399 2925 6295 3966 4059 2629
-9999 -9999 -9999 -9999 -9999 -9999 -9999 -9999 -9999 -9999 -9999 -9999 -9999 -9999 -9999 -9999 -9999 -9999 -9999 -9999 -9999 -9999 -9999 -9999 -9999 -9999 -9999 -9999 -9999 -9999 -9999 -9999 -9999 -9999 -9999 -9999 -9999 49 1921 3970 4998 2599 2772 1248 874 928 2675 18278 6936 1846 2074 1181 591 335 1482 1579 2431 2144 995 836 691 872 1664 996 794 1064 1206 1882 48 146 2514 4138 4181 4508 4104 3296 4091 3952 4414 3481 2285 2338 2235
-9999 -9999 -9999 -9999 -9999 -9999 -9999 -9999 -9999 -9999 -9999 -9999 -9999 -9999 -9999 -9999 -9999 -9999 -9999 -9999 -9999 -9999 -9999 -9999 -9999 -9999 -9999 -9999 -9999 -9999 -9999 -9999 -9999 -9999 -9999 -9999 126 2684 4125 4631 1402 1058 1800 3361 3280 5249 5638 17319 11421 3058 1061 730 302 318 705 445 486 410 296 545 930 2539 1345 298 1 374 358 59 650 3308 4445 3424 3849 4315 3879 3824 4900 3296 1590 2188 1102 666 1348
-9999 -9999 -9999 -9999 -9999 -9999 -9999 -9999 -9999 -9999 -9999 -9999 -9999 -9999 -9999 -9999 -9999 -9999 -9999 -9999 -9999 -9999 -9999 -9999 -9999 -9999 -9999 -9999 -9999 -9999 -9999 -9999 -9999 -9999 -9999 428 2852 4464 12485 7045 2070 2642 1671 1619 1862 3720 3541 3048 1625 1641 1006 690 386 222 464 494 645 684 444 469 872 835 216 428 79 -9999 40 446 1981 3026 3365 2719 4386 3652 2844 2770 2672 2158 600 608 109 376 1895
-9999 -9999 -9999 -9999 -9999 -9999 -9999 -9999 -9999 -9999 -9999 -9999 -9999 -9999 -9999 -9999 -9999 -9999 -9999 -9999 -9999 -9999 -9999 -9999 -9999 -9999 -9999 -9999 -9999 -9999 -9999 -9999 360 1510 3845 3476 4728 5850 5238 4654 2851 3110 1722 1192 1196 3009 2484 1334 511 545 349 330 396 526 1162 921 626 225 268 225 370 1055 651 180 6 -9999 688 1910 2176 3090 1950 634 2080 2288 1871 1180 1824 260 -9999 65 1551 2751 2495
-9999 -9999 -9999 -9999 -9999 -9999 -9999 -9999 -9999 -9999 -9999 -9999 -9999 -9999 -9999 -9999 -9999 -9999 -9999 -9999 -9999 -9999 -9999 -9999 -9999 -9999 -9999 -9999 -9999 -9999 2309 3249 702 1336 3910 3171 2686 4136 3414 4619 4031 2518 2520 3646 2960 2314 1666 1148 494 228 151 119 165 238 988 2078 1670 332 479 219 271 862 3268 3116 2854 746 48 2354 2624 4426 721 511 292 -9999 -9999 2 271 -9999 396 2628 4871 5489 3726
-9999 -9999 -9999 -9999 -9999 -9999 -9999 -9999 -9999 -9999 -9999 -9999 -9999 -9999 -9999 -9999 -9999 -9999 -9999 -9999 -9999 -9999 -9999 -9999 -9999 -9999 -9999 -9999 -9999 -9999 1639 1655 1338 1526 1350 3468 2100 3372 4111 7098 3610 4345 4941 3286 2409 2116 2081 930 590 499 189 126 186 418 304 366 741 374 509 595 872 318 1988 1935 2206 3620 15 1549 874 651 -9999 -9999 -9999 -9999 -9999 -9999 -9999 48 2086 4730 2895 1815 2570
-9999 -9999 -9999 -9999 -9999 -9999 -9999 -9999 -9999 -9999 -9999 -9999 -9999 -9999 -9999 -9999 -9999 -9999 -9999 -9999 -9999 -9999 -9999 -9999 -9999 -9999 -9999 -9999 2 774 2816 2334 3650 1809 1264 3096 3672 4412 5098 42339 11346 4394 4795 2648 2528 1782 1254 555 355 360 234 168 202 321 255 224 398 861 844 1298 869 270 388 716 1456 2545 841 -9999 -9999 -9999 94 105 -9999 4454 2448 110 -9999 -9999 -9999 409 1806 2844 2764
-9999 -9999 -9999 -9999 -9999 -9999 -9999 -9999 -9999 -9999 -9999 -9999 -9999 -9999 -9999 -9999 -9999 -9999 -9999 -9999 -9999 -9999 -9999 -9999 -9999 -9999 -9999 -9999 1364 2132 1758 5196 1470 1129 3236 3071 2678 4420 4205 6175 5566 3224 2271 1610 1464 1190 779 302 219 324 254 168 191 331 234 205 330 366 492 2252 1514 678 650 512 2876 5136 2318 476 448 38 1384 1776 1642 4802 6296 3144 984 45 -9999 211 920 1722 1470
-9999 -9999 -9999 -9999 -9999 -9999 -9999 -9999 -9999 -9999 -9999 -9999 -9999 -9999 -9999 -9999 -9999 -9999 -9999 -9999 -9999 -9999 -9999 -9999 -9999 -9999 -9999 249 3638 2915 1746 1901 931 900 2314 3489 5368 4711 6201 4320 3622 3331 2605 1208 824 616 515 306 230 191 262 320 302 584 345 199 185 162 192 418 311 592 1109 1480 2056 1781 394 1278 5071 2139 901 1712 2816 1559 4478 7362 9081 3470 965 -9999 -9999 -9999 -9999
-9999 -9999 -9999 -9999 -9999 -9999 -9999 -9999 -9999 -9999 -9999 -9999 -9999 -9999 -9999 -9999 -9999 -9999 -9999 -9999 -9999 -9999 -9999 -9999 -9999 -9999 224 2365 3020 3630 1532 1092 792 1001 2238 5272 3454 2944 2634 2795 2682 3318 2732 1546 1091 516 561 539 224 246 352 336 320 378 232 219 196 412 205 258 172 252 408 1901 5849 688 852 2179 3104 1399 1476 814 1346 1532 2348 4358 6102 5402 3084 2124 3978 968 1278
-9999 -9999 -9999 -9999 -9999 -9999 -9999 -9999 -9999 -9999 -9999 -9999 -9999 -9999 -9999 -9999 -9999 -9999 -9999 -9999 -9999 -9999 -9999 -9999 -9999 108 2108 5376 4060 3569 2629 1190 1044 2202 1769 1928 2308 2458 1805 1878 4019 3608 2531 2084 1351 482 411 359 232 269 330 198 129 249 216 191 166 548 455 558 204 209 314 754 2768 459 448 580 1281 1574 1248 772 1888 2591 1259 1660 5438 4651 3450 8371 6991 1639 4352
-9999 -9999 -9999 -9999 -9999 -9999 -9999 -9999 -9999 -9999 -9999 -9999 -9999 -9999 -9999 -9999 -9999 -9999 -9999 -9999 -9999 -9999 -9999 -9999 -9999 1035 3922 6258 4152 5438 2836 1198 1864 1835 1778 2496 2235 2591 2485 3446 6022 6044 2475 2294 2352 646 406 809 676 1332 879 212 196 490 1171 360 225 279 355 1546 336 196 484 496 1072 499 279 305 874 924 1882 868 1139 1970 1385 1521 1191 2198 2721 5481 4228 5312 3739
-9999 -9999 -9999 -9999 -9999 -9999 -9999 -9999 -9999 -9999 -9999 -9999 -9999 -9999 -9999 -9999 -9999 334 405 1032 631 -9999 -9999 -9999 15 1840 6816 3674 1820 2359 1270 1404 2055 1741 2285 4276 4998 5048 5970 4358 4388 3465 2725 2726 4729 1161 496 470 392 415 376 240 162 410 3534 361 148 144 278 475 596 279 854 672 3831 829 349 342 1069 940 969 710 941 834 740 1582 2434 2959 2954 3009 3796 4235 5516
-9999 -9999 -9999 -9999 -9999 -9999 -9999 -9999 -9999 -9999 -9999 -9999 -9999 -9999 -9999 1920 768 372 739 901 1509 -9999 -9999 61 1690 2436 6340 3586 5045 4506 2578 5552 3026 2320 3272 3741 5186 4932 5740 6354 6436 4315 3169 2856 2249 2672 1142 375 244 205 196 266 162 205 376 186 111 111 138 179 499 629 808 509 1398 744 795 486 886 761 1128 858 571 2409 1210 2370 2689 2834 4406 2334 3782 5318 8549
-9999 -9999 -9999 -9999 -9999 -9999 -9999 -9999 -9999 -9999 -9999 -9999 -9999 -9999 -9999 1015 719 89 345 358 1972 1381 -9999 1818 7619 5329 4806 7320 6132 6450 7256 5196 4056 4922 4351 6188 4756 2776 3398 5094 5932 5646 3720 3945 2936 3124 5139 829 286 260 204 208 232 152 186 142 118 96 115 122 138 186 501 751 3706 868 672 686 1145 789 979 625 810 1850 1272 1924 3519 2546 3479 3404 5292 6728 5880
-9999 -9999 -9999 -9999 -9999 -9999 -9999 -9999 -9999 -9999 -9999 -9999 -9999 -9999 -9999 2446 175 100 59 88 699 6851 2808 4626 7565 6934 7319 6328 6689 5690 4154 3535 3870 6548 4721 5725 5092 3734 3742 5881 4939 4819 4160 1905 2326 2506 3328 2436 1106 680 391 301 302 284 160 216 336 159 152 130 122 209 441 726 2831 1016 811 721 1168 1590 1324 1158 1641 1615 2121 4711 5022 4351 6909 4999 6169 6516 6750
-9999 -9999 -9999 -9999 -9999 -9999 -9999 -9999 -9999 -9999 -9999 -9999 -9999 -9999 175 191 536 85 68 104 238 2522 7324 6929 6752 5981 6256 6982 6786 5942 3640 4471 3875 5038 4816 6605 5082 4769 4019 4118 3300 3159 3242 2205 3744 4012 2696 2506 3125 1209 464 325 301 800 208 274 510 216 191 175 241 581 1159 806 2900 1434 1022 1438 1306 1242 1460 1245 2415 3170 5921 2726 3682 4109 5560 7566 5552 5848 5485
-9999 -9999 -9999 -9999 -9999 -9999 -9999 -9999 -9999 -9999 -9999 -9999 -9999 -9999 1031 398 134 101 96 116 555 2170 5788 7359 7278 6921 10455 16179 5675 6904 4162 3360 2316 3148 4254 8174 4634 3708 3282 2640 2642 3060 3811 4005 5831 6218 3780 3454 10322 3752 832 616 452 1476 340 140 222 699 398 228 279 524 769 984 3426 2005 2220 1679 1675 1956 1715 1048 2100 6615 4024 2792 4032 6304 11789 22580 6678 6361 11010
