Analysis/inputs/022_mft_asaq50_dhappq50/input/uga_init_pop.asc
ncols         121
nrows         127
xllcorner     118236.49319105
yllcorner     -163800.7987251
cellsize      5000
NODATA_value  -9999
[rows 74 to 110 of 127, columns 0 to 82 of 121]
-9999 -9999 -9999 -9999 -9999 -9999 -9999 -9999 -9999 -9999 -9999 -9999 -9999 1875 1505 654 130 189 735 2010 2981 5145 3831 3011 4098 6952 9774 6376 6040 4990 5359 3795 2702 2104 2544 3911 4614 3039 3842 3306 3136 2681 2545 2892 2789 2806 2619 3321 7208 9038 2322 1106 631 399 321 204 238 388 1379 406 572 1088 2328 1576 4340 3345 2594 1995 3066 2589 1431 1454 2565 5439 3578 3215 4400 4910 11448 7462 7251 6841 8928
-9999 -9999 -9999 -9999 -9999 -9999 -9999 -9999 -9999 -9999 1019 880 1001 2920 2205 534 130 719 2431 3745 3469 4942 4526 3801 2689 5759 4876 4701 3278 2105 2958 4949 2818 1782 2349 2344 3875 2664 2789 2738 3959 3998 3171 2965 2596 3024 2911 2061 3079 3662 2231 5942 1905 599 334 550 288 312 786 1208 1818 4182 8049 3142 15585 22330 3620 3590 6984 2079 1990 1555 3269 10462 4154 3635 5394 9435 6752 7670 8448 13896 10261
-9999 -9999 -9999 -9999 -9999 -9999 -9999 -9999 -9999 1819 2994 5549 5550 3579 8320 1336 1239 1745 3264 1736 2635 4409 5212 4155 3050 4742 6378 4185 2529 2081 3196 1974 3114 4654 3054 3124 2878 3025 3644 4868 3119 2971 2520 2760 2902 2778 2061 2206 3544 4415 1418 2332 3826 1224 746 960 269 274 444 1790 871 1894 4431 1926 2876 9809 2346 3355 2988 2286 1718 3899 2445 6130 5260 5570 9481 7172 4756 10095 7456 9425 6374
-9999 -9999 -9999 -9999 -9999 -9999 -9999 -9999 -9999 3654 10104 9330 7166 4092 5649 3522 4122 3085 5051 2616 1980 4008 3562 2858 4099 5869 5096 4314 3965 2605 1959 2156 2594 4782 3915 2598 3165 2660 3121 3436 2645 2640 2769 2946 2505 1785 2038 3296 4190 4691 1780 2286 3719 3480 1430 1500 370 385 1015 3472 1801 2925 3819 4379 3715 11045 4672 3759 2991 3682 1931 4114 2811 3952 4349 7400 11598 7696 9128 10394 7470 8656 10030
-9999 -9999 -9999 -9999 -9999 -9999 -9999 -9999 -9999 10709 15570 16922 6502 6586 5562 6994 4045 4225 3894 4241 3690 3939 4488 3849 4600 5126 4661 3971 3735 2626 4502 2405 2536 2531 2571 3771 2665 2552 1989 3235 2295 3072 3505 2611 2414 2384 2415 2701 4786 3442 3662 2322 3926 3479 5852 3058 901 992 1901 3980 2332 3834 5684 7910 4311 18951 9091 6481 3278 4871 3585 6568 4541 3852 17256 5459 6006 6484 7020 7082 6420 9066 6889
-9999 -9999 -9999 -9999 -9999 -9999 -9999 -9999 -9999 19874 8971 3735 3912 9506 13558 30324 11354 5476 4409 5114 5029 5319 4758 3469 4612 3535 2948 2911 3769 2629 4496 5282 3315 2482 2825 3538 3014 2881 2825 6266 2716 3751 5061 3268 2644 3161 2295 2729 3305 3324 9138 2810 2108 3281 4262 4165 3871 2252 4005 5896 3920 3276 2619 3426 4774 7375 4838 7424 6058 9124 2919 2802 12978 5228 11845 8228 7068 7349 8549 8860 17899 7078 7268
-9999 -9999 -9999 -9999 -9999 -9999 -9999 -9999 -9999 8720 3579 2725 4304 7812 12085 15861 8288 4026 2255 2986 5091 4855 4702 9799 4810 2982 2436 2161 3081 2602 2846 4520 4282 4746 3862 4319 3768 2851 2816 2556 3549 2998 2844 3341 3908 4198 2840 2666 2506 2554 3770 3152 2612 1932 1912 2089 3541 4355 2431 2534 3310 13852 3571 2941 5958 7612 5614 4132 5376 5760 3126 3981 7800 3294 3471 6790 9462 6301 7224 7422 12876 7582 8068
-9999 -9999 -9999 -9999 -9999 -9999 -9999 -9999 -9999 1674 2400 3234 5634 10482 9036 6250 6380 2300 1268 2029 4671 4959 3881 4181 3215 3146 4654 4135 4235 3908 3371 3636 3565 4649 3739 4045 6056 4695 3965 4142 29818 3584 2489 2506 3522 3795 4872 4850 3668 3839 5166 2871 3751 4125 4505 2308 2168 2985 11629 5076 2930 3288 4204 4550 4040 14631 20410 5878 11249 4862 3626 5205 5606 3839 3848 2158 11108 10852 8616 12079 9104 9066 4622
-9999 -9999 -9999 -9999 -9999 -9999 -9999 -9999 -9999 1142 1336 3662 5859 10239 6562 3904 3745 1812 1028 1136 1548 3522 2416 2511 2224 3601 3379 2489 4151 5658 7461 4578 3368 3062 3224 4595 4965 4480 4230 4665 17150 5234 3050 2995 2752 2485 3039 4422 3289 5439 9474 2912 2179 3054 3158 2222 2419 3061 4790 6378 3802 5296 7405 5611 7085 8728 6662 9129 11254 5175 5726 16839 5932 4594 2174 1106 4040 11634 7566 13852 7936 9029 5021
-9999 -9999 -9999 -9999 -9999 -9999 -9999 -9999 -9999 1245 2035 3338 4740 9759 9761 4119 3435 2335 1024 846 830 2132 2672 2539 2135 3389 4219 3789 5231 4656 4294 4390 6266 9262 6230 6632 7362 4788 8600 3342 3198 2394 2295 4346 3699 2772 2625 2739 2918 2944 2949 3901 2550 2171 6236 2708 2972 4459 3216 4540 4576 6978 6832 4564 8790 24522 10280 17496 20464 10236 12698 5114 7190 3082 1946 1240 2011 3528 4074 10814 20931 60191 10794
-9999 -9999 -9999 -9999 -9999 -9999 -9999 -9999 1909 2476 3095 5006 6400 8739 10559 5181 3178 1276 1331 1140 911 3934 4750 2192 2926 6175 5565 4596 5954 6160 5336 4406 4706 5488 4058 3719 4450 5006 5219 3080 2674 2141 2338 2369 1440 1711 5948 9186 3019 3598 4645 4831 5469 3730 4852 4395 2261 2599 3049 4438 4154 6848 14561 9684 13069 39361 35041 60342 37912 5231 6550 8244 3089 4812 2394 1549 1071 1278 4024 23190 51412 30344 1416
-9999 -9999 -9999 -9999 -9999 -9999 -9999 3951 4988 3300 3535 7166 12118 9789 11004 7141 2386 1079 3459 4001 3004 3646 3690 2560 5062 5312 4292 4824 5432 5014 4881 5915 4590 8321 6895 2892 6254 6095 3092 2594 1980 2215 1672 1838 1671 1960 2480 2416 1924 2615 2104 1902 1141 3362 14360 30655 4191 8446 5624 6169 3394 4415 10480 10546 41146 84246 151292 111986 102346 29904 17855 13879 10839 11346 13566 13119 4730 2871 6329 17808 19672 6938 954
-9999 -9999 -9999 -9999 -9999 -9999 -9999 6239 3552 2481 3412 4299 4400 5359 5840 3291 978 744 3641 5506 3384 3308 3889 6554 8715 5206 4418 5606 5309 4506 4210 4026 5085 8401 7102 2325 3711 2764 2808 2184 1805 1729 1625 1560 1882 1731 1260 1141 1268 1390 1192 204 159 608 2768 3820 3411 5494 3048 3466 3008 3188 7676 12951 33770 118328 236348 153611 132752 49205 43931 24758 9108 7641 16575 12146 8519 9414 4805 6334 6382 3559 316
-9999 -9999 -9999 -9999 -9999 -9999 -9999 7189 3108 1976 2911 4542 3156 10254 2799 1520 660 632 2832 4592 3126 4631 3996 3306 6839 4705 4095 3426 4715 4441 3408 3416 2571 3332 2379 2136 1809 1425 1680 1348 1054 786 716 640 751 1161 896 819 844 812 1499 1269 2002 2485 1952 2906 3388 5559 3271 2418 2252 2516 5289 20088 52592 123140 190154 161202 91335 20628 5972 9805 2990 3475 3356 4584 4844 6769 9631 6975 880 1296 3574
-9999 -9999 -9999 -9999 -9999 -9999 2949 3788 2071 2406 3264 5679 9482 3710 3218 1314 808 769 1882 4136 2271 3725 2706 1839 4640 2744 1866 1370 1468 2300 3891 2209 1652 1290 1729 4299 2246 1935 1478 472 471 509 830 511 568 1311 765 738 1058 758 2598 4754 4271 4212 2162 2646 2758 4518 5302 4784 3889 4822 6489 13332 42318 66064 150662 162522 35252 3919 3384 4900 10876 4025 6950 5379 6160 5534 4501 6775 270 4466 5089
-9999 -9999 -9999 -9999 -9999 -9999 2089 3299 3441 6410 6374 10885 7690 2154 981 562 1296 1826 2884 5218 3155 3974 2261 3869 2356 2081 2205 1355 1305 2895 1704 1500 1484 1666 1838 4358 1806 1771 1090 519 1126 578 548 471 526 1452 2912 1044 1350 1952 2482 3218 2448 3009 4016 5522 2805 5459 6142 2515 3982 16415 4236 5074 8192 19862 76170 65929 3159 2979 2596 4624 4546 2588 6318 3541 3795 2492 1356 1312 599 548 4081
-9999 -9999 -9999 -9999 -9999 -9999 2400 3100 4706 9701 8888 40965 3226 6190 939 558 1331 2708 2880 9456 3460 5168 2554 2978 1731 2249 3374 2922 2500 2082 1470 1242 1669 2371 1502 2252 1031 1490 740 492 494 452 882 721 588 1290 1090 1372 2059 4095 4974 4586 4982 4605 2784 2936 8429 3069 3640 6221 3912 2980 5176 6721 10855 11749 27081 289 411 1071 1608 6416 4431 1022 2184 4738 2380 2356 398 741 1736 1944 4254
-9999 -9999 -9999 -9999 5752 3916 5158 3592 5252 7571 2829 2188 1274 1738 531 446 1104 2718 3721 5734 3885 4524 4129 2254 2350 3088 4905 2874 3251 2865 2568 2269 1010 1824 1644 2369 838 649 768 508 756 729 888 369 531 1650 1188 2008 5074 2846 2481 2446 2772 5744 8371 4189 2686 2884 6069 4036 2998 2480 2920 4746 5899 32085 26166 1178 189 3135 5672 2534 399 555 1798 2369 2058 535 845 1864 1236 -9999 2576
-9999 -9999 -9999 10190 8049 4728 9042 13051 3972 1196 1734 452 1024 909 190 676 2395 4695 6081 4728 5140 3186 3978 4674 2516 2200 3089 2116 2311 2179 1289 1575 760 3904 3381 1241 1418 624 504 869 1082 594 451 702 818 976 1111 1554 1294 1892 2508 3171 3841 2202 3048 3768 12088 2974 2838 2446 2279 2415 1351 2969 47389 37788 5206 214 202 589 -9999 -9999 -9999 98 1265 1006 480 469 1181 -9999 -9999 140 1204
-9999 -9999 -9999 33948 31699 5842 8405 4216 1511 1018 591 510 82 -9999 -9999 156 3745 6478 6014 4712 7930 5046 4759 2808 2754 2348 2081 1709 2506 1240 944 1139 766 1648 1095 955 3205 1388 626 520 571 399 441 1062 1100 2219 2040 2521 2548 1710 1799 2960 2359 4605 3859 7705 5345 2045 1816 2331 2121 3308 2086 11302 19906 1152 809 19 -9999 -9999 -9999 1006 484 -9999 1171 712 111 271 72 -9999 -9999 555 2814
-9999 -9999 -9999 -9999 5931 11635 8412 1261 869 1444 585 581 424 110 -9999 512 4698 7688 6049 4818 3802 4876 3348 2309 2634 2245 2002 1450 1611 1676 965 1375 1796 1825 961 630 638 726 1134 1269 619 980 1151 1301 2934 3784 3981 3036 4010 4170 2460 1260 2134 2786 8654 4084 2741 1745 1876 1445 2442 45 216 32 -9999 -9999 -9999 -9999 130 42 280 2009 54 8 1594 26 -9999 -9999 -9999 -9999 -9999 -9999 -9999
-9999 -9999 -9999 206 1068 5162 2925 382 616 616 564 386 509 141 121 9238 7136 6950 5208 4989 6071 2788 3286 3395 2695 2146 5330 2038 1275 1048 670 828 1365 2024 1056 680 1095 900 752 1066 1421 3070 2846 1694 3968 6385 4310 3450 6551 4175 3042 1771 1554 5284 2534 835 598 1399 1280 21 11 -9999 -9999 -9999 -9999 -9999 -9999 -9999 -9999 16 1169 775 488 -9999 -9999 -9999 -9999 -9999 -9999 3848 901 -9999 -9999
-9999 -9999 -9999 2 516 7531 2824 632 608 969 1190 411 284 330 2554 4162 4768 7205 7735 7182 7516 4609 4990 5490 4320 2748 1662 1498 716 949 925 970 1371 1448 1938 1319 870 1010 792 934 2530 2646 4840 5191 4160 4350 3632 3115 6531 5104 3069 2931 2955 2821 542 1081 -9999 -9999 5 -9999 -9999 -9999 -9999 -9999 -9999 -9999 -9999 600 274 1095 2059 2420 425 -9999 -9999 -9999 -9999 -9999 -9999 -9999 -9999 1872 -9999
-9999 -9999 -9999 -9999 8 1519 3066 3141 534 398 741 1658 1826 1539 3505 1986 1492 3532 5175 9290 11936 5601 5916 4364 3512 1690 1519 1862 721 536 1536 1995 944 675 1029 985 622 1264 1181 1424 1894 3278 5536 4094 4348 6374 3819 3028 4299 3274 4468 13718 1056 -9999 -9999 -9999 -9999 -9999 -9999 5 48 -9999 -9999 -9999 -9999 -9999 -9999 -9999 -9999 2 100 29 -9999 -9999 -9999 -9999 -9999 -9999 -9999 -9999 -9999 246 -9999
-9999 -9999 -9999 -9999 -9999 8 8 661 436 375 556 5288 6388 10021 5602 2028 1449 4186 5869 3986 4655 4569 5251 4019 2585 2834 1190 2258 2625 1201 3414 872 621 648 655 1951 852 844 2174 3442 3260 5304 5094 3875 3282 4749 7010 5519 5775 3664 9791 2798 665 804 -9999 -9999 -9999 -9999 -9999 100 1069 546 -9999 -9999 -9999 -9999 -9999 -9999 -9999 -9999 -9999 -9999 -9999 -9999 -9999 -9999 -9999 -9999 -9999 -9999 10 -9999 -9999
-9999 -9999 -9999 -9999 -9999 -9999 38 234 289 386 410 3866 6062 7201 4354 1524 1668 3332 5780 5019 3152 6459 5504 4765 2848 3964 2140 1425 1119 1130 1568 1286 849 574 1204 3055 1764 4198 2992 5335 2844 4311 12554 4288 4436 5381 4321 5368 9588 4135 7150 1674 401 704 22 830 1329 1158 719 -9999 90 989 768 196 31 -9999 969 434 -9999 -9999 -9999 -9999 -9999 -9999 -9999 -9999 -9999 -9999 -9999 -9999 -9999 -9999 -9999
-9999 -9999 -9999 -9999 -9999 -9999 72 334 275 239 818 11426 7944 2098 1231 1944 3206 4352 4072 5465 4596 5955 6314 4306 3308 2702 1576 1144 1001 670 422 466 638 541 2062 3478 2749 2062 2968 4828 3398 3864 6512 4219 4441 5664 6709 3899 11882 8722 3350 1825 648 1000 1445 119 718 1451 1 65 248 -9999 209 49 -9999 -9999 -9999 -9999 -9999 -9999 -9999 -9999 -9999 -9999 -9999 -9999 -9999 -9999 75 -9999 -9999 -9999 -9999
-9999 -9999 -9999 -9999 -9999 -9999 510 455 220 304 1034 3532 2238 1035 1020 2095 3524 4321 4979 5524 5055 4312 12236 3238 3200 1970 1491 810 770 884 504 165 191 418 2292 3945 3131 2214 3614 3476 4292 3112 3951 4594 8402 5938 4685 18221 59059 7631 3488 2010 776 1459 162 35 246 1066 814 2086 5050 241 561 135 371 258 536 1848 -9999 -9999 22 -9999 -9999 -9999 -9999 -9999 -9999 -9999 -9999 -9999 -9999 -9999 -9999
-9999 -9999 -9999 -9999 1 214 395 262 325 504 805 1606 2976 2204 1516 2889 3248 4974 4434 4852 6084 5206 4658 2795 2651 1231 884 629 121 396 161 206 299 474 2229 4410 4205 5574 8485 8058 5094 5158 8035 4770 8269 6478 4344 11611 13272 3961 3131 740 606 515 -9999 -9999 -9999 -9999 19 748 1022 156 686 745 821 476 751 -9999 -9999 -9999 -9999 -9999 -9999 -9999 -9999 -9999 -9999 -9999 -9999 -9999 -9999 -9999 -9999
-9999 -9999 -9999 59 1048 699 439 286 450 506 951 2216 3885 5624 3709 3655 3199 4322 4801 5706 6442 4054 6685 1985 2309 1138 1235 720 696 121 86 298 599 1301 3636 14806 3269 2482 4600 5988 6570 5182 4702 3696 3014 3532 6554 4246 3738 2542 2568 1642 1155 1 -9999 -9999 -9999 16 678 1019 735 366 1112 116 284 1276 4 -9999 -9999 -9999 -9999 -9999 -9999 -9999 -9999 -9999 -9999 -9999 -9999 -9999 -9999 -9999 -9999
-9999 -9999 526 566 798 894 448 520 849 3870 1822 5048 5356 6749 6312 5631 5610 5674 7752 5692 3052 2618 5281 2618 3285 1912 1204 729 1261 520 152 929 3264 1650 1194 2266 4328 3814 3506 4076 2958 3020 3768 7161 3125 3822 7640 4189 3195 2881 1899 661 -9999 -9999 -9999 -9999 -9999 154 1250 516 441 442 9 -9999 739 559 -9999 -9999 -9999 -9999 -9999 -9999 -9999 -9999 -9999 -9999 -9999 -9999 -9999 -9999 -9999 -9999 -9999
-9999 -9999 840 559 916 844 406 862 6202 8005 6544 6798 7204 6741 4198 6821 5838 6540 6218 4565 1961 2165 2860 2304 2376 5574 3688 1314 1738 3841 1142 1444 886 650 550 2985 3765 3575 4150 3435 3926 6526 6176 5260 6612 9006 4965 4200 3161 2821 1020 -9999 -9999 -9999 -9999 -9999 -9999 1711 146 9 870 520 -9999 -9999 268 8 -9999 -9999 -9999 -9999 -9999 -9999 -9999 -9999 -9999 -9999 -9999 -9999 -9999 -9999 -9999 -9999 -9999
-9999 -9999 441 668 846 730 521 1395 6252 7301 5380 6192 16558 10679 6654 6906 6385 7412 7609 3234 2014 2295 1884 1722 2740 4566 2642 1695 1395 1418 1130 105 84 92 211 2792 3200 7282 4162 5289 4896 3782 4774 3739 3785 9875 5532 5134 2651 2015 69 -9999 -9999 -9999 -9999 -9999 -9999 262 12 230 61 -9999 -9999 -9999 -9999 -9999 -9999 -9999 -9999 -9999 -9999 -9999 -9999 -9999 -9999 -9999 -9999 -9999 -9999 -9999 -9999 -9999 -9999
-9999 -9999 1105 841 1254 2568 1782 3052 7008 6919 6885 7265 7090 5586 4861 4959 4406 8932 9175 3299 2825 3101 3094 19560 61542 7498 1444 836 358 156 278 105 72 81 1090 1196 1899 3599 6125 4161 4124 3862 5579 3998 4009 2949 2789 3316 2635 732 -9999 -9999 -9999 -9999 -9999 -9999 -9999 -9999 72 8 44 31 116 -9999 -9999 -9999 -9999 -9999 -9999 -9999 -9999 -9999 -9999 -9999 -9999 -9999 -9999 -9999 -9999 -9999 -9999 -9999 -9999
-9999 -9999 1581 1139 2545 3185 4592 4341 6914 7740 6880 5175 5846 5560 3966 4809 3756 4168 4689 5701 4710 6032 5234 12334 13208 3888 1992 2111 1291 102 78 128 75 69 1416 1838 1626 1618 5585 7398 9164 3805 4891 13188 7312 2578 2589 1946 2512 1494 -9999 -9999 -9999 -9999 -9999 -9999 -9999 -9999 -9999 -9999 251 571 194 -9999 -9999 -9999 -9999 -9999 -9999 -9999 -9999 -9999 -9999 -9999 -9999 -9999 -9999 -9999 -9999 -9999 -9999 -9999 -9999
-9999 1379 2209 2318 5691 3558 5519 5748 7479 7396 6675 4715 6671 6698 3212 3818 6158 5956 8600 4504 2894 4191 4999 5064 6735 5790 2496 2086 1916 376 109 165 568 569 1690 2610 1386 2099 2195 4658 4596 5212 6188 3148 1924 2476 2010 1978 2239 250 -9999 -9999 -9999 -9999 -9999 -9999 -9999 -9999 130 -9999 -9999 190 -9999 -9999 -9999 -9999 -9999 -9999 -9999 -9999 -9999 -9999 -9999 -9999 -9999 -9999 -9999 -9999 -9999 -9999 -9999 -9999 -9999
-9999 3946 8771 5355 6058 4385 6170 5569 6029 6804 5970 4722 5386 7219 2962 4121 3866 5514 3829 3564 4475 5212 6379 4368 5616 4380 4536 1839 1778 878 1975 1465 1588 1174 1486 1755 2591 2651 2010 1420 4304 3726 3121 2490 1326 1776 1201 1310 314 -9999 -9999 -9999 -9999 -9999 -9999 -9999 -9999 -9999 -9999 -9999 188 9 -9999 -9999 -9999 -9999 -9999 -9999 -9999 -9999 -9999 -9999 -9999 -9999 -9999 -9999 -9999 -9999 -9999 -9999 -9999 -9999 -9999
